# Strike-rate-enriched source data — 1980s (all nations). Provided by user (RTF upload).
# BATTING block then BOWLING block. "Name (TEAM)" line, then tab-separated stats.
# Markers: "+" incomplete, "*" estimated, "-" n/a.
# BATTING cols (after Span): Mat, Inns, NO, Runs, HS, Ave, BF, SR, 100, 30+, 50, 0, 4s, 6s
# BOWLING cols (after Span): Mat, Inns, Balls, Overs, BPO, Mdns, Runs, Wkts, BBI, BBM, Ave, Econ, SR, 3w, 4w, 5w, 10w

# ============ BATTING ============
Player
Span
Mat
Inns
NO
Runs
HS
Ave
BF
SR
100
30+
50
0
4s
6s
AR Border (AUS)
1980-1989	97	164	30	7386	205	55.11	17365+	42.26*	20	91	40	4	765	20
DI Gower (ENG)
1980-1989	89	157	11	6196	215	42.43	12474	49.67	12	70	32	4	750	7
Javed Miandad (PAK)
1980-1989	76	110	7	5642	280*	54.77	10401+	47.54*	16	63	26	3	486+	28
IVA Richards (WI)
1980-1989	78	112	8	5113	208	49.16	6456+	72.07*	15	58	28	7	631+	56
CG Greenidge (WI)
1980-1989	75	123	12	5094	223	45.89	9644+	47.84*	12	58	25	7	575+	39
DL Haynes (WI)
1980-1989	81	139	16	5074	184	41.25	10847+	43.22*	12	57	28	7	537+	14
DB Vengsarkar (IND)
1980-1989	71	112	16	4501	166	46.88	7329+	46.00*	12	56	22	7	378+	9
SM Gavaskar (IND)
1980-1987	65	106	9	4475	236*	46.13	8281+	44.13*	12	47	20	6	419+	13
IT Botham (ENG)
1980-1989	75	124	4	4051	208	33.75	6326	64.03	10	48	19	12	499	56
GA Gooch (ENG)
1980-1989	56	105	2	3970	196	38.54	8020	49.50	8	46	23	7	477	6
MW Gatting (ENG)
1980-1989	66	114	14	3859	207	38.59	8254	46.75	9	44	18	12	482	10
N Kapil Dev (IND)
1980-1989	80	118	9	3353	163	30.76	3294+	85.15*	5	47	17	11	382+	32
Mudassar Nazar (PAK)
1980-1989	61	90	7	3328	231	40.09	6767+	44.31*	8	32	14	7	298+	1
RB Richardson (WI)
1983-1989	45	76	7	3320	194	48.11	7077+	46.54*	10	36	13	3	413+	4
JG Wright (NZ)
1980-1989	56	100	4	3271	141	34.07	9235	35.41	7	42	13	4	380	6
MD Crowe (NZ)
1982-1989	45	76	7	3127	188	45.31	7339	42.60	10	34	11	7	384	6
DC Boon (AUS)
1984-1989	45	82	7	3119	200	41.58	7358	42.38	8	34	14	5	348	1
AJ Lamb (ENG)
1982-1989	57	100	9	3098	137*	34.04	6387	48.50	9	38	12	6	406	11
RJ Shastri (IND)
1981-1989	69	104	14	3036	142	33.73	5700+	37.28*	8	35	11	9	239+	17
KJ Hughes (AUS)
1980-1984	50	86	3	2989	213	36.01	6558+	44.89*	6	35	14	8	307	18
M Amarnath (IND)
1982-1988	43	68	7	2912	138	47.73	4000+	42.00*	9	38	15	6	234+	15
PJL Dujon (WI)
1981-1989	64	89	9	2885	139	36.06	5245+	47.72*	5	35	14	5	312+	8
CH Lloyd (WI)
1980-1985	44	61	6	2881	161*	52.38	4347+	55.73*	8	38	17	1	296+	22
GS Chappell (AUS)
1980-1984	33	55	6	2712	235	55.34	4961	54.66	9	27	10	6	289	7
Saleem Malik (PAK)
1982-1989	56	77	13	2642	119*	41.28	4739+	47.56*	7	34	14	6	283+	4
HA Gomes (WI)
1980-1987	49	72	11	2490	143	40.81	5388+	41.05*	7	31	9	3	206+	2
Zaheer Abbas (PAK)
1980-1985	41	58	7	2460	215	48.23	4187+	56.86*	6	28	11	5	255+	14
Imran Khan (PAK)
1980-1989	54	71	16	2430	135*	44.18	4295+	52.17*	5	31	13	4	233+	37
Mohsin Khan (PAK)
1981-1986	42	69	6	2427	200	38.52	4135+	50.85*	7	28	9	3	232+	4
GM Wood (AUS)
1980-1988	44	82	5	2421	172	31.44	5831+	41.17*	7	29	8	7	238	7
DM Jones (AUS)
1984-1989	30	53	7	2370	216	51.52	4868	48.68	7	21	9	4	231	5
JV Coney (NZ)
1980-1987	45	73	14	2303	174*	39.03	5345	43.08	3	25	14	3	231	5
M Azharuddin (IND)
1984-1989	34	51	3	2224	199	46.33	3390+	51.68*	7	27	9	2	230+	3
Sir RJ Hadlee (NZ)
1980-1989	53	80	14	2040	151*	30.90	3466	58.85	2	22	10	7	235	20
GR Marsh (AUS)
1985-1989	33	61	3	2017	138	34.77	5913	34.11	4	26	9	1	210	1
K Srikkanth (IND)
1981-1989	39	64	3	1927	123	31.59	2373+	66.83*	2	24	12	6	201+	19
SR Waugh (AUS)
1985-1989	35	54	10	1889	177*	42.93	3806	49.63	3	20	13	6	185	2
KC Wessels (AUS)
1982-1985	24	42	1	1761	179	42.95	3460	50.89	4	20	9	3	197	2
CJ Tavare (ENG)
1980-1989	31	56	2	1755	149	32.50	5735	30.60	2	22	12	5	175	0
AL Logie (WI)
1983-1989	37	56	6	1707	130	34.14	2727+	56.47*	2	22	9	8	207+	8
G Boycott (ENG)
1980-1982	23	46	5	1699	137	41.43	4680	36.30	4	24	8	2	125	0
GM Ritchie (AUS)
1982-1987	30	53	5	1690	146	35.20	4363+	38.73*	3	21	7	1	158	11
BA Edgar (NZ)
1980-1986	33	57	4	1662	161	31.35	5176	32.10	2	19	11	5	150	0
BC Broad (ENG)
1984-1989	25	44	2	1661	162	39.54	4387	37.86	6	20	6	3	173	1
A Ranatunga (SL)
1982-1989	26	46	2	1621	135*	36.84	2045+	53.10*	2	22	12	3	136+	13
RT Robinson (ENG)
1984-1989	29	49	5	1601	175	36.38	3846	41.62	4	17	6	5	182	0
JJ Crowe (NZ)
1983-1989	38	64	4	1592	128	26.53	4615	34.49	3	19	6	6	182	4
SM Patil (IND)
1980-1984	29	47	4	1588	174	36.93	2103+	62.38*	4	19	7	4	197+	9
Shoaib Mohammad (PAK)
1983-1989	26	37	3	1543	203*	45.38	3099+	42.40*	4	17	8	4	164+	3
Qasim Umar (PAK)
1983-1986	26	43	2	1502	210	36.63	2712+	43.87*	3	14	5	2	131+	0
GP Howarth (NZ)
1980-1985	30	51	2	1491	147	30.42	3649	40.86	2	19	8	3	149	0
WB Phillips (AUS)
1983-1986	27	48	2	1485	159	32.28	3388+	43.80*	2	20	7	1	171	5
JE Emburey (ENG)
1980-1989	55	81	17	1471	75	22.98	3832	38.38	0	20	8	13	173	5
MD Marshall (WI)
1980-1989	63	79	7	1430	92	19.86	2437+	53.18*	0	16	8	10	149+	15
SMH Kirmani (IND)
1980-1986	49	67	13	1399	102	25.90	2548+	43.64*	1	20	6	4	112+	2
Ramiz Raja (PAK)
1984-1989	29	46	3	1379	122	32.06	2550+	44.50*	2	18	9	2	132+	3
IDS Smith (NZ)
1980-1989	49	70	15	1376	113*	25.01	2347	58.62	1	17	5	7	170	4
DW Randall (ENG)
1980-1984	21	36	1	1370	164	39.14	2777	49.33	5	13	6	7	138	4
LRD Mendis (SL)
1982-1988	24	43	1	1329	124	31.64	1342+	62.14*	4	14	8	2	106+	11
G Fowler (ENG)
1982-1985	21	37	0	1307	201	35.32	3362	38.87	3	15	8	3	145	3
RL Dias (SL)
1982-1987	20	36	1	1285	109	36.71	1580+	54.93*	3	15	8	2	141+	1
JF Reid (NZ)
1981-1986	18	29	3	1277	180	49.11	3616	35.31	6	11	2	3	131	1
GN Yallop (AUS)
1980-1984	18	29	0	1268	268	43.72	2815	45.04	4	14	3	2	135	0
J Dyson (AUS)
1980-1984	27	52	7	1258	127*	27.95	3660	34.37	2	17	4	3	115	3
Wasim Raja (PAK)
1980-1985	29	45	8	1246	125	33.67	2415+	50.80*	2	16	8	4	145+	6
S Wettimuny (SL)
1982-1987	23	43	1	1221	190	29.07	2010+	40.74*	2	13	6	5	114+	0
MA Taylor (AUS)
1989-1989	11	20	1	1219	219	64.15	2766	44.07	4	13	5	0	125	2
RW Marsh (AUS)
1980-1984	41	62	4	1162	91	20.03	2635	44.09	0	15	4	6	120	7
GR Viswanath (IND)
1980-1983	25	39	1	1135	222	29.86	2351+	47.80*	3	12	5	4	137+	0
BM Laird (AUS)
1980-1982	18	34	2	1056	85	33.00	2974	35.50	0	16	8	1	70	0
GRJ Matthews (AUS)
1983-1986	21	34	6	1031	130	36.82	2311	44.61	3	12	4	1	101	4
RS Madugalle (SL)
1982-1988	21	39	4	1029	103	29.40	1869+	38.89*	1	14	7	4	103+	2
Yashpal Sharma (IND)
1980-1983	24	40	7	1015	140	30.75	2037+	32.84*	1	12	5	2	77+	3
PA de Silva (SL)
1984-1989	17	31	2	974	167	33.58	764+	48.03*	3	9	3	0	90+	12
P Willey (ENG)
1980-1986	22	42	6	965	102*	26.80	2330	41.41	2	12	4	2	125	4
JG Bracewell (NZ)
1980-1989	35	54	10	925	110	21.02	2356	39.26	1	11	4	11	74	4
CWJ Athey (ENG)
1980-1988	23	41	1	919	123	22.97	2373	38.72	1	10	4	2	93	0
Abdul Qadir (PAK)
1980-1989	57	66	9	914	61	16.03	1872+	44.39*	0	9	3	6	84+	16
AD Gaekwad (IND)
1983-1985	19	33	1	896	201	28.00	756+	46.16*	1	10	5	3	34+	0
GF Lawson (AUS)
1980-1989	46	68	12	894	74	15.96	1755+	50.25*	0	8	4	6	100	1
Saleem Yousuf (PAK)
1982-1989	25	34	5	878	91*	30.27	1445+	50.10*	0	14	5	2	82+	3
DW Hookes (AUS)
1980-1985	16	28	3	870	143*	34.80	1433+	57.99*	1	13	5	4	98	4
JR Ratnayeke (SL)
1982-1989	22	38	6	807	93	25.21	1074+	39.66*	0	10	5	5	70+	1
PR Downton (ENG)
1981-1988	30	48	8	785	74	19.62	2676	29.33	0	6	4	4	67	0
SV Manjrekar (IND)
1987-1989	9	15	2	784	218	60.30	1759	44.57	3	8	3	1	95	0
AH Jones (NZ)
1987-1989	10	19	1	751	150	41.72	1943	38.65	1	11	4	1	58	3
RMH Binny (IND)
1980-1987	23	35	5	744	83*	24.80	997+	39.61*	0	11	5	5	54+	5
J Arun Lal (IND)
1982-1989	16	29	1	729	93	26.03	1274+	42.62*	0	11	6	1	66+	0
Majid Khan (PAK)
1980-1983	15	22	2	700	110*	35.00	1592	43.96	1	8	6	3	75	0
KS More (IND)
1986-1989	28	38	9	698	58*	24.06	1679+	38.23*	0	9	2	5	76+	1
RA Smith (ENG)
1988-1989	8	16	2	698	143	49.85	1352	51.62	2	9	4	2	95	0
MJ Greatbatch (NZ)
1988-1989	7	13	4	693	146*	77.00	2046	33.87	2	8	4	0	83	0
MA Holding (WI)
1980-1987	45	54	8	685	73	14.89	845+	65.20*	0	8	5	12	47+	31
NS Sidhu (IND)
1983-1989	13	22	2	685	116	34.25	1412+	45.75*	2	7	3	3	69+	5
RW Taylor (ENG)
1980-1984	34	55	9	652	54	14.17	2135	30.53	0	8	1	8	63	1
CL Hooper (WI)
1987-1989	16	26	1	639	100*	25.56	1453	43.97	1	9	3	3	58	7
Mansoor Akhtar (PAK)
1980-1987	18	27	3	636	111	26.50	1490	42.68	1	7	3	4	90	1
AMJ Hilditch (AUS)
1984-1985	9	16	0	621	119	38.81	1240	50.08	2	8	2	2	68	4
S Madan Lal (IND)
1981-1986	23	32	10	614	74	27.90	857+	49.70*	0	8	4	5	52+	1
PH Edmonds (ENG)
1982-1987	33	44	10	598	64	17.58	1570	38.08	0	5	1	5	52	6
BL Cairns (NZ)
1980-1985	29	40	3	581	64	15.70	903	64.34	0	7	1	5	49	22
RA Harper (WI)
1983-1989	24	31	3	532	74	19.00	1236+	43.04*	0	4	3	5	52	9
DR Pringle (ENG)
1982-1989	21	36	3	512	63	15.51	1758	29.12	0	6	1	4	52	1
Taslim Arif (PAK)
1980-1980	6	10	2	501	210*	62.62	1042	48.08	1	6	2	1	44	0
J Garner (WI)
1980-1987	49	56	13	486	46	11.30	1025+	45.07*	0	3	0	12	39+	9
CPS Chauhan (IND)
1980-1981	8	15	1	478	97	34.14	1199	39.86	0	6	3	1	57	0
Aamer Malik (PAK)
1987-1989	10	12	3	472	117	52.44	1347	35.04	2	5	2	1	54	2
AME Roberts (WI)
1980-1983	18	24	6	472	68	26.22	856+	45.32*	0	5	2	1	35+	16
Wasim Akram (PAK)
1985-1989	29	34	6	468	66	16.71	744+	56.04*	0	7	2	8	38+	18
GR Dilley (ENG)
1980-1989	40	56	18	467	56	12.28	1276	36.59	0	3	2	10	58	0
Ijaz Ahmed (PAK)
1987-1988	13	16	0	457	122	28.56	1083+	41.92*	1	6	2	2	60	3
MD Moxon (ENG)
1986-1989	10	17	1	455	99	28.43	1365	33.33	0	4	3	2	44	0
AI Kallicharran (WI)
1980-1981	13	20	1	443	106	23.31	1028	43.09	1	4	1	3	62	0
Iqbal Qasim (PAK)
1980-1988	32	34	8	421	56	16.19	1091+	36.75*	0	2	1	4	41+	0
Sarfraz Nawaz (PAK)
1980-1984	21	25	5	419	90	20.95	736	56.92	0	3	2	1	49	1
AP Gurusinha (SL)
1985-1989	9	15	2	414	116*	31.84	530+	37.92*	1	4	0	1	21+	1
NA Foster (ENG)
1983-1989	28	43	7	410	39	11.38	1092	37.54	0	3	0	9	50	4
DK Lillee (AUS)
1980-1984	35	45	10	408	40*	11.65	1278	31.92	0	1	0	4	48	0
RC Russell (ENG)
1988-1989	7	12	3	408	128*	45.33	968	42.14	1	4	2	0	47	0
IA Healy (AUS)
1988-1989	17	23	2	407	52	19.38	897	45.37	0	3	1	3	36	0
DS de Silva (SL)
1982-1984	12	22	3	406	61	21.36	912+	34.10*	0	5	2	3	25+	0
B Yardley (AUS)
1981-1983	19	28	0	402	53	14.35	821	48.96	0	4	1	7	44	1
MG Hughes (AUS)
1985-1989	20	24	3	401	72*	19.09	794	50.50	0	4	2	4	41	4
RGD Willis (ENG)
1980-1984	39	58	20	399	28*	10.50	1029	38.77	0	0	0	4	41	0
KD Walters (AUS)
1980-1981	6	9	2	397	107	56.71	762	52.09	1	5	3	0	30	1
G Miller (ENG)
1981-1984	10	19	1	396	98	22.00	956	41.42	0	5	2	3	44	0
C Sharma (IND)
1984-1989	23	27	9	396	54	22.00	642+	49.37*	0	3	1	2	32+	1
CL Smith (ENG)
1983-1986	8	14	1	392	91	30.15	1314	29.83	0	5	2	1	44	0
KR Rutherford (NZ)
1985-1988	16	27	3	368	107*	15.33	1011	36.39	1	3	2	8	47	0
PR Sleep (AUS)
1982-1989	10	13	1	365	90	30.41	969	37.66	0	5	2	2	27	0
Haroon Rasheed (PAK)
1980-1983	9	11	0	364	153	33.09	707	51.48	1	3	2	2	46	3
RJ Bright (AUS)
1980-1986	20	30	6	359	33	14.95	1099	32.66	0	3	0	5	35	2
Wasim Bari (PAK)
1980-1984	27	32	6	359	64	13.80	691+	42.54*	0	2	1	4	35	0
SAR Silva (SL)
1983-1988	9	16	2	353	111	25.21	339+	39.82*	2	3	0	1	17+	0
Rizwan-uz-Zaman (PAK)
1981-1989	11	19	1	345	60	19.16	816+	25.98*	0	5	3	2	17+	0
CJ McDermott (AUS)
1984-1988	24	33	3	339	36	11.30	688	49.27	0	4	0	5	31	1
ALF de Mel (SL)
1982-1986	17	28	5	326	34	14.17	387+	40.82*	0	1	0	5	17+	3
NS Yadav (IND)
1980-1987	26	31	9	325	43	14.77	896+	27.90*	0	2	0	2	24+	1
BN French (ENG)
1986-1988	16	21	4	308	59	18.11	797	38.64	0	5	1	2	37	1
Tahir Naqqash (PAK)
1982-1985	15	19	5	300	57	21.42	330+	72.12*	0	3	1	1	36+	1
KWR Fletcher (ENG)
1981-1982	7	11	3	297	69	37.12	769	38.62	0	4	3	0	29	0
DSBP Kuruppu (SL)
1987-1988	3	5	1	294	201*	73.50	742	39.62	1	2	0	0	37	0
DJ Capel (ENG)
1987-1989	11	18	0	293	98	16.27	983	29.80	0	2	2	4	28	1
CJ Richards (ENG)
1986-1988	8	13	0	285	133	21.92	750	38.00	1	3	0	2	29	0
CEL Ambrose (WI)
1988-1989	17	25	6	281	44	14.78	661	42.51	0	2	0	2	27	2
EE Hemmings (ENG)
1982-1989	9	14	3	280	95	25.45	679	41.23	0	3	1	2	22	0
RJ Ratnayake (SL)
1983-1989	15	25	4	277	56	13.19	266+	36.84*	0	3	1	3	16+	5
CA Walsh (WI)
1984-1989	34	43	16	277	30*	10.25	593	46.71	0	1	0	8	22	7
DN Patel (NZ)
1987-1989	8	16	0	274	62	17.12	750	36.53	0	4	1	4	23	3
DA Murray (WI)
1980-1982	10	15	2	273	50	21.00	726	37.60	0	5	1	2	19	0
SFAF Bacchus (WI)
1980-1982	11	16	0	268	61	16.75	613	43.71	0	4	1	5	29	0
LG Rowe (WI)
1980-1980	4	8	0	262	100	32.75	553	47.37	1	4	1	0	25	1
BC Rose (ENG)
1980-1981	4	8	1	258	70	36.85	556	46.40	0	5	2	0	28	0
Arshad Ayub (IND)
1987-1989	13	19	4	257	57	17.13	800	32.12	0	2	1	1	25	0
DM Wellham (AUS)
1981-1987	6	11	0	257	103	23.36	768	33.46	1	2	0	0	27	0
M Prabhakar (IND)
1984-1989	6	10	4	254	54*	42.33	640	39.68	0	3	1	0	28	1
VJ Marks (ENG)
1982-1984	6	10	1	249	83	27.66	532	46.80	0	3	3	0	23	0
EJ Gray (NZ)
1983-1988	10	16	0	248	50	15.50	947	26.18	0	3	1	0	20	0
JR Thomson (AUS)
1981-1985	17	27	11	246	28*	15.37	463	53.13	0	0	0	3	24	5
TJ Zoehrer (AUS)
1986-1987	10	14	2	246	52*	20.50	581	42.34	0	3	1	0	30	2
RM Hogg (AUS)
1980-1984	22	30	11	245	52	12.89	713+	33.23*	0	1	1	6	26	1
RS Mahanama (SL)
1986-1989	6	10	0	243	85	24.30	484+	37.19*	0	3	1	0	13+	0
DL Murray (WI)
1980-1980	9	14	1	243	64	18.69	513	47.36	0	3	1	1	27	0
Tauseef Ahmed (PAK)
1980-1989	28	30	16	243	35*	17.35	663+	27.90*	0	2	0	4	16+	0
JM Brearley (ENG)
1980-1981	7	13	1	242	60*	20.16	770	31.42	0	3	2	1	21	0
MC Snedden (NZ)
1981-1989	18	22	5	242	33*	14.23	795	30.44	0	2	0	5	26	0
PL Taylor (AUS)
1987-1989	7	11	3	233	54*	29.12	746	31.23	0	2	1	1	25	0
Ashraf Ali (PAK)
1982-1987	8	8	3	229	65	45.80	336+	46.13*	0	3	2	0	21+	0
AO Malhotra (IND)
1982-1985	7	10	1	226	72*	25.11	266+	50.75*	0	4	1	2	18+	0
EAE Baptiste (WI)
1983-1984	9	10	1	224	87*	24.88	414+	52.65*	0	3	1	1	27+	1
WK Lees (NZ)
1980-1983	9	14	2	221	89	18.41	550	40.18	0	2	1	2	20	3
TJ Franklin (NZ)
1983-1988	8	14	0	220	62	15.71	973	22.61	0	1	1	1	24	0
SR Tendulkar (IND)
1989-1989	4	6	0	215	59	35.83	487	44.14	0	4	2	0	23	0
APE Knott (ENG)
1980-1981	6	11	1	214	70*	21.40	548	39.05	0	3	2	0	25	0
BS Sandhu (IND)
1983-1983	8	11	4	214	71	30.57	189+	60.84*	0	3	2	1	17+	3
PJW Allott (ENG)
1981-1985	13	18	3	213	52*	14.20	535	39.81	0	2	1	2	20	1
TM Moody (AUS)
1989-1989	3	5	0	208	106	41.60	423	49.17	1	3	1	0	23	0
KJ Barnett (ENG)
1988-1989	4	7	0	207	80	29.57	360	57.50	0	3	2	1	28	0
RH Vance (NZ)
1988-1989	4	7	0	207	68	29.57	646	32.04	0	4	1	0	22	0
SP O'Donnell (AUS)
1985-1985	6	10	3	206	48	29.42	471	43.73	0	3	0	1	19	3
TG Hogan (AUS)
1983-1984	7	12	1	205	42*	18.63	379+	43.00*	0	3	0	1	22	0
PAJ DeFreitas (ENG)
1986-1989	13	19	1	204	40	11.33	421	48.45	0	1	0	2	22	1
G Cook (ENG)
1982-1983	7	13	0	203	66	15.61	529	38.37	0	2	2	1	20	0
WW Davis (WI)
1983-1988	15	17	4	202	77	15.53	389+	39.07*	0	2	1	2	19+	3
RM Ellison (ENG)
1984-1986	11	16	1	202	41	13.46	718	28.13	0	2	0	1	23	0
CL King (WI)
1980-1980	4	7	1	199	100*	33.16	319	62.38	1	2	0	1	25	4
MRJ Veletta (AUS)
1987-1988	7	10	0	198	39	19.80	588	33.67	0	3	0	0	15	0
Ijaz Faqih (PAK)
1980-1988	5	8	1	183	105	26.14	474	38.60	1	2	0	2	16	4
JM Parker (NZ)
1980-1980	6	11	0	182	56	16.54	476	38.23	0	3	2	2	14	0
NGB Cook (ENG)
1983-1989	15	25	4	179	31	8.52	759	23.58	0	1	0	2	16	0
SL Boock (NZ)
1980-1989	21	26	4	178	37	8.09	646	27.55	0	2	0	6	12	0
HM Goonatilleke (SL)
1982-1982	5	10	2	177	56	22.12	399+	42.60*	0	1	1	1	21+	0
W Larkins (ENG)
1980-1981	6	11	0	176	34	16.00	493	35.69	0	3	0	2	18	1
NG Cowans (ENG)
1982-1985	19	29	7	175	36	7.95	377	46.41	0	1	0	5	25	3
AIC Dodemaide (AUS)
1987-1988	8	12	3	171	50	19.00	716	23.88	0	1	1	0	13	0
MF Kent (AUS)
1981-1981	3	6	0	171	54	28.50	334	51.19	0	3	2	0	22	0
Anil Dalpat (PAK)
1984-1985	9	12	1	167	52	15.18	507	32.93	0	1	1	0	20	0
TM Alderman (AUS)
1981-1989	33	42	18	163	23	6.79	581+	28.05*	0	0	0	10	16	0
IM Chappell (AUS)
1980-1980	3	6	1	158	75	31.60	333	47.44	0	2	1	0	10	0
Rashid Khan (PAK)
1982-1985	4	6	3	155	59	51.66	269	57.62	0	3	1	1	21	0
RG de Alwis (SL)
1983-1988	11	19	0	152	28	8.00	195+	56.41*	0	0	0	5	12+	2
EJ Chatfield (NZ)
1982-1989	39	47	30	149	21*	8.76	661	22.54	0	0	0	10	12	0
JM Wiener (AUS)
1980-1980	4	7	0	148	93	21.14	382	38.74	0	1	1	0	13	2
EAR de Silva (SL)
1985-1989	7	11	3	146	50	18.25	321+	23.05*	0	1	1	1	4+	0
EH Mattis (WI)
1981-1981	4	5	0	145	71	29.00	401	36.15	0	2	1	1	20	1
Sadiq Mohammad (PAK)
1980-1981	5	9	0	145	46	16.11	357	40.61	0	2	0	2	17	0
TS Curtis (ENG)
1988-1989	5	9	0	140	41	15.55	517	27.07	0	2	0	1	20	0
CS Pandit (IND)
1986-1986	3	5	1	140	39	35.00	237	59.07	0	2	0	0	17	0
RA Woolmer (ENG)
1980-1981	4	8	1	139	46	19.85	498	27.91	0	1	0	2	18	0
KD Ghavri (IND)
1980-1981	7	12	3	136	37*	15.11	467	29.12	0	1	0	1	11	0
TV Hohns (AUS)
1989-1989	7	7	1	136	40	22.66	324	41.97	0	2	0	1	17	0
KBJ Azad (IND)
1981-1983	7	12	0	135	24	11.25	303+	38.94*	0	0	0	2	13+	0
Azeem Hafeez (PAK)
1983-1985	18	21	5	134	24	8.37	228+	40.78*	0	0	0	2	8+	0
GN Edwards (NZ)
1981-1981	3	5	0	133	47	26.60	249	53.41	0	2	0	0	16	1
GC Dyer (AUS)
1986-1988	6	6	0	131	60	21.83	307	42.67	0	2	1	1	11	0
L Sivaramakrishnan (IND)
1983-1986	9	9	1	130	25	16.25	129+	57.36*	0	0	0	1	8+	0
WV Raman (IND)
1988-1989	3	5	0	127	83	25.40	344	36.91	0	1	1	0	14	0
WKM Benjamin (WI)
1987-1989	8	10	1	124	40*	13.77	239	51.88	0	2	0	3	13	3
MG Burgess (NZ)
1980-1980	3	6	1	122	49	24.40	351	34.75	0	2	0	1	8	0
ST Clarke (WI)
1980-1982	5	7	2	122	35*	24.40	153	79.73	0	1	0	0	10	6
GC Small (ENG)
1986-1989	6	8	3	120	59	24.00	247	48.58	0	1	1	1	14	0
GR Beard (AUS)
1980-1980	3	5	0	114	49	22.80	287	39.72	0	2	0	0	12	0
ERNS Fernando (SL)
1983-1984	5	10	0	112	46	11.20	489	22.90	0	1	0	3	10	0
PW Jarvis (ENG)
1988-1989	6	9	2	109	29*	15.57	236	46.18	0	0	0	0	9	0
Manzoor Elahi (PAK)
1984-1987	4	6	1	109	52	21.80	183+	45.35*	0	1	1	1	14	2
CG Butts (WI)
1985-1988	7	8	1	108	38	15.42	279	38.70	0	1	0	1	10	3
DA Stirling (NZ)
1984-1986	6	9	2	108	26	15.42	294	36.73	0	0	0	0	11	3
KLT Arthurton (WI)
1988-1989	5	8	2	105	37	17.50	386	27.20	0	1	0	1	13	0
LS Rajput (IND)
1985-1985	2	4	0	105	61	26.25	4+	0.00*	0	2	1	1	0+	0
R Lamba (IND)
1986-1987	4	5	0	102	53	20.40	148+	36.48*	0	1	1	1	5+	0
CS Cowdrey (ENG)
1984-1988	6	8	1	101	38	14.42	280	36.07	0	1	0	1	9	2
DL Underwood (ENG)
1980-1982	11	14	4	100	43	10.00	296	33.78	0	1	0	3	6	0
Maninder Singh (IND)
1982-1989	34	38	12	99	15	3.80	297+	17.50*	0	0	0	11	5+	1
CEH Croft (WI)
1980-1982	18	25	13	96	33	8.00	486	19.75	0	1	0	5	8	0
PE McEwan (NZ)
1980-1984	4	7	1	96	40*	16.00	222	43.24	0	1	0	1	6	0
B Warnapura (SL)
1982-1982	4	8	0	96	38	12.00	313+	27.47*	0	1	0	1	11+	0
CM Old (ENG)
1980-1981	5	8	2	94	29	15.66	115	81.73	0	0	0	2	12	2
TBA May (AUS)
1987-1989	7	10	4	90	24	15.00	352	25.56	0	0	0	1	7	0
SMS Kaluperuma (SL)
1984-1988	4	8	0	88	23	11.00	310	28.38	0	0	0	1	11	0
BP Patterson (WI)
1986-1989	17	21	11	88	21*	8.80	191	46.07	0	0	0	4	12	0
AN Ranasinghe (SL)
1982-1982	2	4	0	88	77	22.00	51+	21.56*	0	1	1	1	1+	0
Younis Ahmed (PAK)
1987-1987	2	3	1	88	40	44.00	382+	19.37*	0	2	0	0	5+	0
D Ranatunga (SL)
1989-1989	2	3	0	87	45	29.00	250	34.80	0	2	0	0	4	0
DR Doshi (IND)
1980-1983	23	29	8	86	14	4.09	294+	29.25*	0	0	0	11	9	0
LS Pascoe (AUS)
1980-1982	11	14	7	83	30*	11.85	189	43.91	0	1	0	1	8	0
JG Thomas (ENG)
1986-1986	5	10	4	83	31*	13.83	226	36.72	0	1	0	3	7	1
GF Labrooy (SL)
1986-1989	5	8	2	81	42	13.50	177+	42.93*	0	1	0	0	10+	0
WN Slack (ENG)
1986-1986	3	6	0	81	52	13.50	237	34.17	0	1	1	2	9	0
DM Smith (ENG)
1986-1986	2	4	0	80	47	20.00	140	57.14	0	2	0	1	13	0
TM Chappell (AUS)
1981-1981	3	6	1	79	27	15.80	418	18.89	0	0	0	0	3	0
CA Best (WI)
1986-1986	3	4	1	78	35	26.00	205	38.04	0	1	0	0	9	1
JK Lever (ENG)
1980-1986	6	9	1	77	22	9.62	253	30.43	0	0	0	1	6	0
RB McCosker (AUS)
1980-1980	2	4	0	77	41	19.25	257	29.96	0	2	0	0	4	0
BA Reid (AUS)
1985-1988	18	22	10	75	13	6.25	271	27.67	0	0	0	1	7	0
MAR Samarasekera (SL)
1988-1989	2	3	0	75	57	25.00	162	46.29	0	1	1	1	10	1
MA Atherton (ENG)
1989-1989	2	4	0	73	47	18.25	210	34.76	0	1	0	1	7	0
TE Blain (NZ)
1986-1988	3	5	0	73	37	14.60	266	27.44	0	1	0	1	8	0
MJ Bennett (AUS)
1984-1985	3	5	2	71	23	23.66	245	28.97	0	0	0	0	5	0
RO Butcher (ENG)
1981-1981	3	5	0	71	32	14.20	160	44.37	0	1	0	1	9	0
P Roy (IND)
1982-1982	2	3	1	71	60*	35.50	230	30.86	0	1	1	0	11	0
GM Turner (NZ)
1983-1983	2	3	0	71	32	23.66	94	75.53	0	1	0	0	9	0
PJ Newport (ENG)
1988-1989	2	3	0	70	36	23.33	138	50.72	0	1	0	0	7	0
Mohammad Nazir (PAK)
1980-1983	10	13	6	60	18	8.57	145+	31.03*	0	0	0	3	5+	0
Asif Iqbal (PAK)
1980-1980	2	4	1	59	34	19.66	109	54.12	0	1	0	0	5	0
PA Horne (NZ)
1987-1987	3	5	0	59	27	11.80	247	23.88	0	0	0	1	6	0
DL Bairstow (ENG)
1980-1981	3	5	1	57	40	14.25	121	47.10	0	1	0	1	9	0
DR Gilbert (AUS)
1985-1986	9	12	4	57	15	7.12	298	19.12	0	0	0	1	4	0
IR Bishop (WI)
1989-1989	4	5	3	55	30*	27.50	150	36.66	0	1	0	1	6	0
AMJG Amerasinghe (SL)
1984-1984	2	4	1	54	34	18.00	84	64.28	0	1	0	0	8	0
CD Matthews (AUS)
1986-1988	3	5	0	54	32	10.80	122	44.26	0	1	0	1	7	0
VB John (SL)
1983-1984	6	10	5	53	27*	10.60	120	44.16	0	0	0	4	3	1
SJ Rixon (AUS)
1984-1985	3	5	0	53	20	10.60	175	30.28	0	0	0	2	3	0
AK Sharma (IND)
1988-1988	1	2	0	53	30	26.50	169	31.36	0	1	0	0	8	0
MR Benson (ENG)
1986-1986	1	2	0	51	30	25.50	162	31.48	0	1	0	0	4	0
VR Brown (NZ)
1985-1985	2	3	1	51	36*	25.50	164	31.09	0	1	0	1	3	0
Azmat Rana (PAK)
1980-1980	1	1	0	49	49	49.00	94	52.12	0	1	0	0	8	0
PV Simmons (WI)
1988-1988	2	4	0	49	16	12.25	128	38.28	0	0	0	0	9	0
Y Goonasekera (SL)
1983-1983	2	4	0	48	23	12.00	145	33.10	0	0	0	0	3	0
AH Gray (WI)
1986-1987	5	8	2	48	12*	8.00	134	35.82	0	0	0	2	5	0
TE Srinivasan (IND)
1981-1981	1	2	0	48	29	24.00	186	25.80	0	0	0	0	6	0
ARC Fraser (ENG)
1989-1989	3	5	0	47	29	9.40	139	33.81	0	0	0	0	4	0
DK Morrison (NZ)
1987-1989	9	11	3	47	27*	5.87	281	16.72	0	0	0	6	5	0
RJ Bailey (ENG)
1988-1988	1	2	0	46	43	23.00	162	28.39	0	1	0	0	3	0
JFM Morrison (NZ)
1982-1982	3	5	0	46	15	9.20	179	25.69	0	0	0	0	3	0
Nadeem Abbasi (PAK)
1989-1989	3	2	0	46	36	23.00	124	37.09	0	1	0	0	6	0
GB Troup (NZ)
1980-1986	12	15	5	45	13*	4.50	197	22.84	0	0	0	6	4	0
RD Jackman (ENG)
1981-1982	4	6	0	42	17	7.00	207	20.28	0	0	0	2	2	0
GRA de Silva (SL)
1982-1982	4	7	2	41	14	8.20	54+	50.00*	0	0	0	2	4+	1
PI Pocock (ENG)
1984-1985	8	10	2	41	22*	5.12	221	18.55	0	0	0	5	5	0
Sikander Bakht (PAK)
1980-1983	9	13	4	41	9	4.55	170	24.11	0	0	0	0	1	0
SB Smith (AUS)
1984-1984	3	5	0	41	12	8.20	94+	36.17*	0	0	0	0	6	0
Asif Mujtaba (PAK)
1986-1987	3	5	0	39	12	7.80	195	20.00	0	0	0	0	3	0
G Dymock (AUS)
1980-1980	6	7	1	38	19	6.33	143	26.57	0	0	0	1	2	0
AA Mallett (AUS)
1980-1980	3	3	0	37	25	12.33	72	51.38	0	0	0	1	5	0
CG Rackemann (AUS)
1982-1989	7	8	2	36	15*	6.00	137	26.27	0	0	0	4	3	0
JP Stephenson (ENG)
1989-1989	1	2	0	36	25	18.00	89	40.44	0	0	0	0	3	0
RG Holland (AUS)
1984-1986	11	15	4	35	10	3.18	165	21.21	0	0	0	7	3	0
RB Kerr (AUS)
1985-1985	2	4	0	31	17	7.75	103	30.09	0	0	0	1	0	0
Mohsin Kamal (PAK)
1984-1987	7	7	5	31	13*	15.50	63+	20.63*	0	0	0	1	1+	0
S Viswanath (IND)
1985-1985	3	5	0	31	20	6.20	3+	0.00*	0	0	0	2	0+	0
M Hendrick (ENG)
1980-1981	5	7	6	30	10*	30.00	60	50.00	0	0	0	0	4	0
CL Cairns (NZ)
1989-1989	1	2	0	29	28	14.50	76	38.15	0	0	0	0	5	0
SR Gillespie (NZ)
1986-1986	1	1	0	28	28	28.00	81	34.56	0	0	0	0	2	0
JN Maguire (AUS)
1983-1984	3	5	1	28	15*	7.00	79	35.44	0	0	0	2	4	0
GB Stevenson (ENG)
1980-1981	2	2	1	28	27*	28.00	35	80.00	0	0	0	0	4	1
MD Wettimuny (SL)
1983-1983	2	4	0	28	17	7.00	103	27.18	0	0	0	1	2	0
CPH Ramanayake (SL)
1988-1989	4	7	3	27	10*	6.75	130	20.76	0	0	0	2	1	0
IA Greig (ENG)
1982-1982	2	4	0	26	14	6.50	102	25.49	0	0	0	0	2	0
ND Hirwani (IND)
1988-1989	7	9	4	26	17	5.20	60	43.33	0	0	0	1	3	0
Zulqarnain (PAK)
1986-1986	3	4	0	24	13	6.00	-	-	0	0	0	0	0+	0
Saleem Jaffar (PAK)
1986-1989	10	10	4	22	9	3.66	123+	17.88*	0	0	0	3	0	0
RGCE Wijesuriya (SL)
1982-1985	4	7	2	22	8	4.40	22+	13.63*	0	0	0	2	0+	0
NV Radford (ENG)
1986-1988	3	4	1	21	12*	7.00	90	23.33	0	0	0	1	1	0
RD Woolley (AUS)
1983-1984	2	2	0	21	13	10.50	52	40.38	0	0	0	0	3	0
JD Higgs (AUS)
1980-1981	6	8	3	19	7	3.80	159	11.94	0	0	0	2	2	0
S Jeganathan (SL)
1983-1983	2	4	0	19	8	4.75	50	38.00	0	0	0	1	3	0
SV Nayak (IND)
1982-1982	2	3	1	19	11	9.50	49	38.77	0	0	0	0	3	0
DR Parry (WI)
1980-1980	1	2	0	18	17	9.00	49	36.73	0	0	0	0	1	1
SK Sharma (IND)
1988-1988	1	1	1	18	18*	-	52	34.61	0	0	0	0	2	0
WW Daniel (WI)
1983-1984	5	6	2	17	6*	4.25	11+	90.90*	0	0	0	2	0+	1
Shafiq Ahmed (PAK)
1980-1981	2	3	0	17	17	5.66	60	28.33	0	0	0	2	1	0
S Venkataraghavan (IND)
1983-1983	7	8	1	17	6	2.42	1+	0.00*	0	0	0	3	1+	0
R Nanan (WI)
1980-1980	1	2	0	16	8	8.00	66	24.24	0	0	0	0	0	0
VP Terry (ENG)
1984-1984	2	3	0	16	8	5.33	66	24.24	0	0	0	0	2	0
BP Bracewell (NZ)
1980-1985	2	4	0	15	8	3.75	75	20.00	0	0	0	1	2	0
Azhar Khan (PAK)
1980-1980	1	1	0	14	14	14.00	24	58.33	0	0	0	0	3	0
DE Malcolm (ENG)
1989-1989	1	2	0	14	9	7.00	24	58.33	0	0	0	0	1	1
SD Anurasiri (SL)
1986-1987	4	5	2	13	8	4.33	4+	25.00*	0	0	0	0	0+	0
MP Maynard (ENG)
1988-1988	1	2	0	13	10	6.50	34	38.23	0	0	0	0	1	0
PWG Parker (ENG)
1981-1981	1	2	0	13	13	6.50	49	26.53	0	0	0	1	2	0
W Watson (NZ)
1986-1989	3	3	1	13	8*	6.50	40	32.50	0	0	0	0	2	0
LWS Kaluperuma (SL)
1982-1982	2	4	1	12	11*	4.00	51	23.52	0	0	0	2	1	0
Naved Anjum (PAK)
1989-1989	1	1	0	12	12	12.00	15	80.00	0	0	0	0	2	0
ACS Pigott (ENG)
1984-1984	1	2	1	12	8*	12.00	36	33.33	0	0	0	0	1	0
GK Robertson (NZ)
1986-1986	1	1	0	12	12	12.00	35	34.28	0	0	0	0	2	0
Shahid Saeed (PAK)
1989-1989	1	1	0	12	12	12.00	14	85.71	0	0	0	0	1	0
FS Ahangama (SL)
1985-1985	3	3	1	11	11	5.50	0+	-	0	0	0	1	0+	0
G Sharma (IND)
1985-1987	4	3	1	11	10*	5.50	1+	0.00*	0	0	0	1	0+	0
PN Webb (NZ)
1980-1980	2	3	0	11	5	3.66	86	12.79	0	0	0	0	0	0
JJ Whitaker (ENG)
1986-1986	1	1	0	11	11	11.00	34	32.35	0	0	0	0	1	0
JP Agnew (ENG)
1984-1985	3	4	3	10	5	10.00	28	35.71	0	0	0	0	0	0
TA Lloyd (ENG)
1984-1984	1	1	1	10	10*	-	17	58.82	0	0	0	0	1	0
B Yograj Singh (IND)
1981-1981	1	2	0	10	6	5.00	50	20.00	0	0	0	0	1	0
KN Amalean (SL)
1986-1988	2	3	2	9	7*	9.00	11+	63.63*	0	0	0	0	1	0
Zakir Khan (PAK)
1986-1989	2	2	2	9	9*	-	44+	20.45*	0	0	0	0	0	0
MR Whitney (AUS)
1981-1989	4	7	2	8	4	1.60	90	8.88	0	0	0	3	1	0
CM Kuggeleijn (NZ)
1988-1988	2	4	0	7	7	1.75	27	25.92	0	0	0	3	1	0
GAHM Parkar (IND)
1982-1982	1	2	0	7	6	3.50	45	15.55	0	0	0	0	1	0
SA Ankola (IND)
1989-1989	1	1	0	6	6	6.00	11	54.54	0	0	0	0	1	0
AR Bhat (IND)
1983-1983	2	3	1	6	6	3.00	3+	0.00*	0	0	0	1	0+	0
GD Campbell (AUS)
1989-1989	2	1	0	6	6	6.00	38	15.78	0	0	0	0	0	0
MAWR Madurasinghe (SL)
1988-1988	1	2	0	6	4	3.00	22	27.27	0	0	0	0	0	0
V Razdan (IND)
1989-1989	2	2	1	6	6*	6.00	10	60.00	0	0	0	1	1	0
HP Tillakaratne (SL)
1989-1989	1	2	0	6	6	3.00	32	18.75	0	0	0	1	0	0
NH Fairbrother (ENG)
1987-1988	4	4	0	5	3	1.25	48	10.41	0	0	0	1	0	0
TRO Payne (WI)
1986-1986	1	1	0	5	5	5.00	6	83.33	0	0	0	0	0	0
B Arun (IND)
1986-1987	2	2	1	4	2*	4.00	-	-	0	0	0	0	0	0
DV Lawrence (ENG)
1988-1988	1	1	0	4	4	4.00	12	33.33	0	0	0	0	0	0
Waqar Younis (PAK)
1989-1989	2	2	0	4	4	2.00	28	14.28	0	0	0	1	0	0
Jalal-ud-Din (PAK)
1982-1985	6	3	2	3	2	3.00	2+	50.00*	0	0	0	0	0	0
MA Small (WI)
1984-1984	2	1	1	3	3*	-	3	100.00	0	0	0	0	0	0
KPJ Warnaweera (SL)
1986-1986	1	2	0	3	3	1.50	-	-	0	0	0	1	0	0
CDUS Weerasinghe (SL)
1985-1985	1	1	0	3	3	3.00	0+	-	0	0	0	0	0	0
JH Childs (ENG)
1988-1988	2	4	4	2	2*	-	41	4.87	0	0	0	0	0	0
AP Igglesden (ENG)
1989-1989	1	1	1	2	2*	-	23	8.69	0	0	0	0	0	0
RSA Jayasekera (SL)
1982-1982	1	2	0	2	2	1.00	11	18.18	0	0	0	1	0	0
RR Kulkarni (IND)
1986-1987	3	2	0	2	2	1.00	0+	-	0	0	0	1	0	0
A Sidebottom (ENG)
1985-1985	1	1	0	2	2	2.00	8	25.00	0	0	0	0	0	0
AGD Wickremasinghe (SL)
1989-1989	1	1	0	2	2	2.00	9	22.22	0	0	0	0	0	0
BR Jurangpathy (SL)
1985-1986	2	4	0	1	1	0.25	4+	0.00*	0	0	0	3	0	0
LB Taylor (ENG)
1985-1985	2	1	1	1	1*	-	10	10.00	0	0	0	0	0	0
SP Davis (AUS)
1986-1986	1	1	0	0	0	0.00	2	0.00	0	0	0	1	0	0
Ehteshamuddin (PAK)
1980-1982	3	2	1	0	0*	0.00	5	0.00	0	0	0	1	0	0
RPW Guneratne (SL)
1983-1983	1	2	2	0	0*	-	19	0.00	0	0	0	0	0	0
AK Kuruppuarachchi (SL)
1986-1987	2	2	2	0	0*	-	20+	0.00*	0	0	0	0	0	0
RGM Patel (IND)
1988-1988	1	2	0	0	0	0.00	15	0.00	0	0	0	2	0	0
TAP Sekhar (IND)
1983-1983	2	1	1	0	0*	-	2	0.00	0	0	0	0	0	0
M Venkataramana (IND)
1989-1989	1	2	2	0	0*	-	4	0.00	0	0	0	0	0	0
Aaqib Javed (PAK)
1989-1989	1	0	0	0	-	-	0	-	0	0	0	0	0	0
Akram Raza (PAK)
1989-1989	1	0	0	0	-	-	0	-	0	0	0	0	0	0
Shahid Mahboob (PAK)
1989-1989	1	0	0	0	-	-	0	-	0	0	0	0	0	0
RC Shukla (IND)
1982-1982	1	0	0	0	-	-	0	-	0	0	0	0	0	0

# ============ BOWLING ============
Player
Span
Mat
Inns
Balls
Overs
BPO
Mdns
Runs
Wkts
BBI
BBM
Ave
Econ
SR
3
4
5
10
MD Marshall (WI)
1980-1989	63	120	14399	2399.5	6	512	6434	323	7/22	11/89	19.91	2.68	44.57	55	17	22	4
Sir RJ Hadlee (NZ)
1980-1989	53	91	13856	2309.2	6	628	5574	289	9/52	15/123	19.28	2.41	47.94	54	14	28	7
N Kapil Dev (IND)
1980-1989	80	134	16895	2815.5	6	615	8036	272	9/83	11/146	29.54	2.85	62.11	45	11	16	2
IT Botham (ENG)
1980-1989	75	120	15900	2650.0	6	571	8359	258	8/103	13/106	32.39	3.15	61.62	45	13	15	2
Imran Khan (PAK)
1980-1989	54	90	12040	2006.4	6	483	4896	256	8/58	14/116	19.12	2.43	47.03	44	12	18	5
Abdul Qadir (PAK)
1980-1989	57	94	15176	2529.2	6	548	6980	216	9/56	13/101	32.31	2.75	70.25	39	11	14	5
J Garner (WI)
1980-1987	49	93	10887	1814.3	6	492	4331	210	6/56	9/108	20.62	2.38	51.84	33	12	7	0
MA Holding (WI)
1980-1987	45	84	9272	1545.2	6	338	4302	184	6/21	11/107	23.38	2.78	50.39	31	8	9	1
GF Lawson (AUS)
1980-1989	46	78	11118	1853.0	6	386	5501	180	8/112	11/134	30.56	2.96	61.76	30	6	11	2
DK Lillee (AUS)
1980-1984	35	64	8957	1492.5	6	356	4117	171	7/83	11/138	24.07	2.75	52.38	34	13	11	3
RGD Willis (ENG)
1980-1984	39	70	7441	1240.1	6	274	3679	143	8/43	9/92	25.72	2.96	52.03	25	6	5	0
RJ Shastri (IND)
1981-1989	69	109	14528	2421.2	6	629	5572	141	5/75	8/179	39.51	2.30	103.03	20	10	2	0
TM Alderman (AUS)
1981-1989	33	58	8374	1395.4	6	356	3810	136	6/128	10/151	28.01	2.72	61.57	24	4	11	1
GR Dilley (ENG)
1980-1989	40	63	7976	1329.2	6	275	4010	135	6/38	9/128	29.70	3.01	59.08	24	11	6	0
Iqbal Qasim (PAK)
1980-1988	32	57	8810	1468.2	6	453	3274	131	7/49	11/118	24.99	2.22	67.25	20	10	7	1
CA Walsh (WI)
1984-1989	34	63	6617	1102.5	6	240	2958	122	6/62	10/101	24.24	2.68	54.23	22	9	4	1
JE Emburey (ENG)
1980-1989	55	86	12896	2149.2	6	636	4759	120	7/78	7/105	39.65	2.21	107.46	14	3	6	0
EJ Chatfield (NZ)
1982-1989	39	66	9306	1551.0	6	471	3473	115	6/73	10/124	30.20	2.23	80.92	23	8	3	1
BL Cairns (NZ)
1980-1985	29	53	7332	1222.0	6	344	3025	101	7/74	10/144	29.95	2.47	72.59	16	5	5	1
Wasim Akram (PAK)
1985-1989	29	49	6203	1033.5	6	240	2649	94	6/91	10/128	28.18	2.56	65.98	14	5	5	1
B Yardley (AUS)
1981-1983	19	33	5378	896.2	6	251	2549	89	7/98	10/185	28.64	2.84	60.42	15	6	6	1
NA Foster (ENG)
1983-1989	28	46	6081	1013.3	6	235	2797	88	8/107	11/163	31.78	2.75	69.10	15	2	5	1
Tauseef Ahmed (PAK)
1980-1989	28	48	6974	1162.2	6	334	2573	87	6/45	9/77	29.57	2.21	80.16	15	3	3	0
JG Bracewell (NZ)
1980-1989	35	57	7027	1171.1	6	301	3057	82	6/32	10/106	37.28	2.61	85.69	11	4	3	1
Maninder Singh (IND)
1982-1989	34	50	7816	1302.4	6	347	3143	81	7/27	10/107	38.80	2.41	96.49	12	4	3	2
CJ McDermott (AUS)
1984-1988	24	39	5027	837.5	6	133	2735	80	8/141	8/141	34.18	3.26	62.83	15	5	3	0
PH Edmonds (ENG)
1982-1987	33	52	7945	1324.1	6	417	3022	76	4/31	6/143	39.76	2.28	104.53	10	4	0	0
DR Doshi (IND)
1980-1983	23	36	6503	1083.5	6	317	2542	74	6/102	8/232	34.35	2.34	87.87	11	3	4	0
CEH Croft (WI)
1980-1982	18	34	3996	666.0	6	138	1793	73	6/74	8/113	24.56	2.69	54.73	13	3	2	0
MG Hughes (AUS)
1985-1989	20	36	4496	749.2	6	172	2332	72	8/87	13/217	32.38	3.11	62.44	13	2	4	1
NS Yadav (IND)
1980-1987	26	44	6385	1064.1	6	262	2710	70	5/76	8/118	38.71	2.54	91.21	13	5	3	0
Azeem Hafeez (PAK)
1983-1985	18	28	4351	725.1	6	172	2204	63	6/46	7/160	34.98	3.03	69.06	11	3	4	0
BA Reid (AUS)
1985-1988	18	27	4051	675.1	6	158	1836	62	4/53	7/173	29.61	2.71	65.33	13	9	0	0
AME Roberts (WI)
1980-1983	18	33	3796	632.4	6	148	1653	62	5/39	9/100	26.66	2.61	61.22	12	4	2	0
C Sharma (IND)
1984-1989	23	39	3470	578.2	6	61	2163	61	6/58	10/188	35.45	3.74	56.88	11	2	4	1
CEL Ambrose (WI)
1988-1989	17	33	3695	615.5	6	132	1641	60	5/72	8/138	27.35	2.66	61.58	11	3	1	0
ALF de Mel (SL)
1982-1986	17	27	3518	586.2	6	92	2180	59	6/109	7/201	36.94	3.71	59.62	11	2	3	0
RM Hogg (AUS)
1980-1984	22	40	3911	651.5	6	110	2003	59	6/77	7/133	33.94	3.07	66.28	8	3	1	0
BP Patterson (WI)
1986-1989	17	32	2846	474.2	6	62	1759	59	5/24	9/88	29.81	3.70	48.23	10	2	3	0
SL Boock (NZ)
1980-1989	21	35	4791	798.3	6	236	2008	57	7/87	8/156	35.22	2.51	84.05	8	1	3	0
Sarfraz Nawaz (PAK)
1980-1984	21	35	5165	860.5	6	209	2129	57	4/42	7/141	37.35	2.47	90.61	10	5	0	0
Mudassar Nazar (PAK)
1980-1989	61	78	5062	843.4	6	181	2169	56	6/32	6/38	38.73	2.57	90.39	5	1	1	0
JR Ratnayeke (SL)
1982-1989	22	31	3833	638.5	6	118	1972	56	8/83	8/108	35.21	3.08	68.44	10	3	4	0
NGB Cook (ENG)
1983-1989	15	25	4174	695.4	6	220	1689	52	6/65	11/83	32.48	2.42	80.26	9	1	4	1
NG Cowans (ENG)
1982-1985	19	36	3452	575.2	6	113	2003	51	6/77	8/146	39.27	3.48	67.68	7	0	2	0
LS Pascoe (AUS)
1980-1982	11	22	2577	429.3	6	77	1305	51	5/59	6/96	25.58	3.03	50.52	10	2	1	0
RJ Ratnayake (SL)
1983-1989	15	22	3153	525.3	6	89	1701	49	6/66	9/125	34.71	3.23	64.34	6	2	3	0
DR Pringle (ENG)
1982-1989	21	37	3750	625.0	6	133	1807	48	5/95	7/120	37.64	2.89	78.12	7	2	2	0
JR Thomson (AUS)
1981-1985	17	29	3023	503.5	6	91	1709	48	5/50	7/80	35.60	3.39	62.97	7	2	2	0
RJ Bright (AUS)
1980-1986	20	30	4742	790.2	6	248	1892	46	7/87	10/111	41.13	2.39	103.08	8	0	4	1
WW Davis (WI)
1983-1988	15	28	2773	462.1	6	53	1472	45	4/19	6/94	32.71	3.18	61.62	8	2	0	0
RA Harper (WI)
1983-1989	24	37	3465	577.3	6	171	1252	45	6/57	6/90	27.82	2.16	77.00	6	2	1	0
MC Snedden (NZ)
1981-1989	18	30	3222	537.0	6	133	1534	44	5/68	5/77	34.86	2.85	73.22	7	3	1	0
ND Hirwani (IND)
1988-1989	7	13	1820	303.2	6	61	870	42	8/61	16/136	20.71	2.86	43.33	6	1	3	1
S Madan Lal (IND)
1981-1986	23	35	3540	590.0	6	117	1869	42	5/23	6/47	44.50	3.16	84.28	9	0	2	0
SR Waugh (AUS)
1985-1989	35	50	3620	603.2	6	139	1787	42	5/69	8/169	42.54	2.96	86.19	7	2	2	0
Arshad Ayub (IND)
1987-1989	13	22	3663	610.3	6	150	1438	41	5/50	8/104	35.07	2.35	89.34	8	4	3	0
GRJ Matthews (AUS)
1983-1986	21	28	3500	583.2	6	139	1707	39	5/103	10/249	43.76	2.92	89.74	5	2	2	1
RMH Binny (IND)
1980-1987	23	31	2433	405.3	6	63	1265	38	6/56	8/101	33.28	3.11	64.02	4	0	2	0
DS de Silva (SL)
1982-1984	12	19	3031	505.1	6	108	1347	37	5/59	9/162	36.40	2.66	81.91	6	2	1	0
RM Ellison (ENG)
1984-1986	11	20	2264	377.2	6	90	1048	35	6/77	10/104	29.94	2.77	64.68	6	2	3	1
GB Troup (NZ)
1980-1986	12	21	2518	419.4	6	95	1157	35	6/95	10/166	33.05	2.75	71.94	5	2	1	1
RG Holland (AUS)
1984-1986	11	17	2889	481.3	6	124	1352	34	6/54	10/144	39.76	2.80	84.97	6	2	3	2
Tahir Naqqash (PAK)
1982-1985	15	27	2800	466.4	6	108	1398	34	5/40	6/86	41.11	2.99	82.35	4	1	2	0
CG Rackemann (AUS)
1982-1989	7	11	1425	237.3	6	62	690	29	6/86	11/118	23.79	2.90	49.13	5	0	3	1
AIC Dodemaide (AUS)
1987-1988	8	14	1861	310.1	6	77	803	28	6/58	7/98	28.67	2.58	66.46	5	2	1	0
VB John (SL)
1983-1984	6	9	1281	213.3	6	53	614	28	5/60	8/159	21.92	2.87	45.75	6	1	2	0
IVA Richards (WI)
1980-1989	78	78	4190	698.2	6	163	1575	28	2/17	3/51	56.25	2.25	149.64	0	0	0	0
DL Underwood (ENG)
1980-1982	11	18	2559	426.3	6	158	959	28	5/28	8/95	34.25	2.24	91.39	6	0	1	0
PR Sleep (AUS)
1982-1989	10	17	2435	405.5	6	110	1104	27	5/72	5/99	40.88	2.72	90.18	5	1	1	0
PJW Allott (ENG)
1981-1985	13	22	2225	370.5	6	76	1084	26	6/61	6/85	41.69	2.92	85.57	3	0	1	0
WKM Benjamin (WI)
1987-1989	8	14	1248	208.0	6	38	564	26	4/52	6/105	21.69	2.71	48.00	4	1	0	0
PAJ DeFreitas (ENG)
1986-1989	13	20	2719	453.1	6	97	1296	26	5/86	5/86	49.84	2.85	104.57	2	0	1	0
L Sivaramakrishnan (IND)
1983-1986	9	16	2367	394.3	6	74	1145	26	6/64	12/181	44.03	2.90	91.03	3	0	3	1
TBA May (AUS)
1987-1989	7	12	1997	332.5	6	87	895	25	4/97	6/112	35.80	2.68	79.88	6	1	0	0
Saleem Jaffar (PAK)
1986-1989	10	17	1931	321.5	6	68	887	25	5/40	8/134	35.48	2.75	77.24	3	0	1	0
Wasim Raja (PAK)
1980-1985	29	37	2314	385.4	6	81	1031	25	4/50	4/50	41.24	2.67	92.56	2	1	0	0
JV Coney (NZ)
1980-1987	45	47	2235	372.3	6	116	800	24	3/28	4/51	33.33	2.14	93.12	2	0	0	0
Mohammad Nazir (PAK)
1980-1983	10	15	2196	366.0	6	107	771	24	5/44	8/120	32.12	2.10	91.50	4	0	2	0
GC Small (ENG)
1986-1989	6	11	1443	240.3	6	61	652	24	5/48	7/88	27.16	2.71	60.12	5	1	2	0
KD Ghavri (IND)
1980-1981	7	12	1294	215.4	6	38	731	22	5/52	5/64	33.22	3.38	58.81	3	0	2	0
AH Gray (WI)
1986-1987	5	10	888	148.0	6	37	377	22	4/39	6/121	17.13	2.54	40.36	4	1	0	0
JK Lever (ENG)
1980-1986	6	10	1547	257.5	6	52	747	22	5/100	6/166	33.95	2.89	70.31	4	2	1	0
AR Border (AUS)
1980-1989	97	55	1825	304.1	6	91	738	21	7/46	11/96	35.14	2.42	86.90	3	1	1	1
WW Daniel (WI)
1983-1984	5	10	966	161.0	6	25	529	21	5/39	6/50	25.19	3.28	46.00	5	0	1	0
DK Morrison (NZ)
1987-1989	9	13	1675	279.1	6	48	949	21	5/69	6/133	45.19	3.39	79.76	3	2	1	0
PI Pocock (ENG)
1984-1985	8	13	2168	361.2	6	97	953	20	4/93	7/163	47.65	2.63	108.40	4	2	0	0
PL Taylor (AUS)
1987-1989	7	11	1256	209.2	6	57	616	19	6/78	8/154	32.42	2.94	66.10	3	2	1	0
FS Ahangama (SL)
1985-1985	3	6	801	133.3	6	32	348	18	5/52	8/124	19.33	2.60	44.50	4	0	1	0
G Miller (ENG)
1981-1984	10	16	1456	242.4	6	61	659	18	4/70	4/74	36.61	2.71	80.88	3	1	0	0
MR Whitney (AUS)
1981-1989	4	8	1089	181.3	6	37	532	18	7/89	9/149	29.55	2.93	60.50	2	1	1	0
EJ Gray (NZ)
1983-1988	10	16	2076	346.0	6	87	886	17	3/73	4/64	52.11	2.56	122.11	2	0	0	0
TV Hohns (AUS)
1989-1989	7	13	1528	254.4	6	84	580	17	3/59	4/77	34.11	2.27	89.88	2	0	0	0
Mohsin Kamal (PAK)
1984-1987	7	10	1024	170.4	6	22	597	17	4/127	4/41	35.11	3.49	60.23	3	1	0	0
M Prabhakar (IND)
1984-1989	6	8	1262	210.2	6	30	644	17	6/132	6/132	37.88	3.06	74.23	3	0	2	0
IR Bishop (WI)
1989-1989	4	7	822	137.0	6	38	370	16	6/87	7/142	23.12	2.70	51.37	3	1	1	0
G Dymock (AUS)
1980-1980	6	10	1163	193.5	6	49	481	16	5/104	7/90	30.06	2.48	72.68	3	1	1	0
DR Gilbert (AUS)
1985-1986	9	13	1647	274.3	6	49	843	16	3/48	4/123	52.68	3.07	102.93	1	0	0	0
EE Hemmings (ENG)
1982-1989	9	16	2530	421.4	6	121	957	16	3/53	6/184	59.81	2.26	158.12	3	0	0	0
EAE Baptiste (WI)
1983-1984	9	17	1224	204.0	6	55	486	15	3/31	4/56	32.40	2.38	81.60	2	0	0	0
ST Clarke (WI)
1980-1982	5	9	780	130.0	6	34	318	15	4/27	6/41	21.20	2.44	52.00	2	1	0	0
JD Higgs (AUS)
1980-1981	6	10	769	128.1	6	30	381	15	4/25	4/38	25.40	2.97	51.26	4	3	0	0
TG Hogan (AUS)
1983-1984	7	9	1436	239.2	6	55	706	15	5/66	6/116	47.06	2.94	95.73	2	1	1	0
HA Gomes (WI)
1980-1987	49	42	2209	368.1	6	74	831	14	2/20	3/39	59.35	2.25	157.78	0	0	0	0
RD Jackman (ENG)
1981-1982	4	7	1070	178.2	6	45	445	14	4/110	5/141	31.78	2.49	76.42	3	1	0	0
PW Jarvis (ENG)
1988-1989	6	11	1347	224.3	6	45	708	14	4/107	4/154	50.57	3.15	96.21	1	1	0	0
GF Labrooy (SL)
1986-1989	5	8	1297	216.1	6	31	778	14	5/133	5/202	55.57	3.59	92.64	2	1	1	0
CM Old (ENG)
1980-1981	5	8	1103	183.5	6	55	426	14	3/44	6/138	30.42	2.31	78.78	3	0	0	0
GS Chappell (AUS)
1980-1984	33	32	1371	228.3	6	69	475	13	3/49	3/49	36.53	2.07	105.46	1	0	0	0
MD Crowe (NZ)
1982-1989	45	31	1239	206.3	6	46	607	13	2/25	3/107	46.69	2.93	95.30	0	0	0	0
GA Gooch (ENG)
1980-1989	56	35	1359	226.3	6	67	529	13	2/12	2/12	40.69	2.33	104.53	0	0	0	0
DA Stirling (NZ)
1984-1986	6	10	902	150.2	6	24	601	13	4/88	5/170	46.23	3.99	69.38	1	1	0	0
DJ Capel (ENG)
1987-1989	11	16	1256	209.2	6	35	628	12	2/13	3/51	52.33	3.00	104.66	0	0	0	0
Jalal-ud-Din (PAK)
1982-1985	6	9	1197	199.3	6	51	537	11	3/77	5/92	48.81	2.69	108.81	1	0	0	0
VJ Marks (ENG)
1982-1984	6	10	1082	180.2	6	54	484	11	3/78	3/78	44.00	2.68	98.36	2	0	0	0
A Ranatunga (SL)
1982-1989	26	29	1555	259.1	6	78	688	11	2/17	2/20	62.54	2.65	141.36	0	0	0	0
S Venkataraghavan (IND)
1983-1983	7	8	1435	239.1	6	36	690	11	3/146	3/146	62.72	2.88	130.45	1	0	0	0
CG Butts (WI)
1985-1988	7	10	1554	259.0	6	70	595	10	4/73	6/95	59.50	2.29	155.40	1	1	0	0
JN Maguire (AUS)
1983-1984	3	5	616	102.4	6	21	323	10	4/57	4/65	32.30	3.14	61.60	3	1	0	0
BS Sandhu (IND)
1983-1983	8	10	1020	170.0	6	32	557	10	3/87	3/87	55.70	3.27	102.00	1	0	0	0
Sikander Bakht (PAK)
1980-1983	9	17	1470	245.0	6	46	781	10	2/47	4/126	78.10	3.18	147.00	0	0	0	0
JG Thomas (ENG)
1986-1986	5	8	774	129.0	6	18	504	10	4/70	4/70	50.40	3.90	77.40	1	1	0	0
M Amarnath (IND)
1982-1988	43	29	1170	195.0	6	29	621	9	2/34	2/34	69.00	3.18	130.00	0	0	0	0
ARC Fraser (ENG)
1989-1989	3	5	866	144.2	6	30	323	9	4/63	4/92	35.88	2.23	96.22	2	1	0	0
M Hendrick (ENG)
1980-1981	5	9	1136	189.2	6	49	482	9	4/82	4/145	53.55	2.54	126.22	1	1	0	0
PJ Newport (ENG)
1988-1989	2	4	549	91.3	6	18	339	9	4/87	7/164	37.66	3.70	61.00	2	1	0	0
SM Patil (IND)
1980-1984	29	15	645	107.3	6	29	240	9	2/28	3/52	26.66	2.23	71.66	0	0	0	0
G Sharma (IND)
1985-1987	4	6	1085	180.5	6	45	353	9	4/88	4/88	39.22	1.95	120.55	2	1	0	0
Ehteshamuddin (PAK)
1980-1982	3	4	516	86.0	6	18	236	8	4/87	6/131	29.50	2.74	64.50	1	1	0	0
AK Kuruppuarachchi (SL)
1986-1987	2	3	272	45.2	6	6	149	8	5/44	7/85	18.62	3.28	34.00	1	0	1	0
Rashid Khan (PAK)
1982-1985	4	7	738	123.0	6	32	360	8	3/129	3/78	45.00	2.92	92.25	1	0	0	0
KN Amalean (SL)
1986-1988	2	2	244	40.4	6	2	156	7	4/97	4/97	22.28	3.83	34.85	2	1	0	0
GRA de Silva (SL)
1982-1982	4	7	962	160.2	6	41	385	7	2/38	4/98	55.00	2.40	137.42	0	0	0	0
AP Gurusinha (SL)
1985-1989	9	6	254	42.2	6	5	172	7	2/25	4/68	24.57	4.06	36.28	0	0	0	0
CL Hooper (WI)
1987-1989	16	20	1132	188.4	6	35	521	7	2/42	2/62	74.42	2.76	161.71	0	0	0	0
AA Mallett (AUS)
1980-1980	3	6	854	142.2	6	27	446	7	2/77	4/211	63.71	3.13	122.00	0	0	0	0
MJ Bennett (AUS)
1984-1985	3	5	665	110.5	6	24	325	6	3/79	5/124	54.16	2.93	110.83	1	0	0	0
GD Campbell (AUS)
1989-1989	2	4	480	80.0	6	17	267	6	3/102	5/143	44.50	3.33	80.00	1	0	0	0
CD Matthews (AUS)
1986-1988	3	6	570	95.0	6	18	313	6	3/95	3/106	52.16	3.29	95.00	2	0	0	0
SP O'Donnell (AUS)
1985-1985	6	10	940	156.4	6	37	504	6	3/37	4/114	84.00	3.21	156.66	1	0	0	0
CPH Ramanayake (SL)
1988-1989	4	6	674	112.2	6	10	396	6	2/81	4/182	66.00	3.52	112.33	0	0	0	0
Waqar Younis (PAK)
1989-1989	2	4	348	58.0	6	4	237	6	4/80	4/91	39.50	4.08	58.00	1	1	0	0
SD Anurasiri (SL)
1986-1987	4	5	486	81.0	6	28	159	5	4/71	4/71	31.80	1.96	97.20	1	1	0	0
RR Kulkarni (IND)
1986-1987	3	6	366	61.0	6	5	227	5	3/85	3/114	45.40	3.72	73.20	1	0	0	0
V Razdan (IND)
1989-1989	2	2	240	40.0	6	6	141	5	5/79	5/79	28.20	3.52	48.00	1	0	1	0
Saleem Malik (PAK)
1982-1989	56	13	254	42.2	6	15	101	5	1/3	1/3	20.20	2.38	50.80	0	0	0	0
GB Stevenson (ENG)
1980-1981	2	3	312	52.0	6	7	183	5	3/111	3/111	36.60	3.51	62.40	1	0	0	0
P Willey (ENG)
1980-1986	22	15	774	129.0	6	33	334	5	2/73	2/73	66.80	2.58	154.80	0	0	0	0
Zakir Khan (PAK)
1986-1989	2	4	444	74.0	6	13	259	5	3/80	3/150	51.80	3.50	88.80	1	0	0	0
JP Agnew (ENG)
1984-1985	3	6	552	92.0	6	12	373	4	2/51	2/97	93.25	4.05	138.00	0	0	0	0
B Arun (IND)
1986-1987	2	3	252	42.0	6	12	116	4	3/76	3/76	29.00	2.76	63.00	1	0	0	0
AR Bhat (IND)
1983-1983	2	2	438	73.0	6	22	151	4	2/65	2/65	37.75	2.06	109.50	0	0	0	0
BP Bracewell (NZ)
1980-1985	2	4	348	58.0	6	14	200	4	2/48	4/129	50.00	3.44	87.00	0	0	0	0
CS Cowdrey (ENG)
1984-1988	6	9	399	66.3	6	2	309	4	2/65	2/91	77.25	4.64	99.75	0	0	0	0
EAR de Silva (SL)
1985-1989	7	10	1440	240.0	6	53	639	4	1/10	1/37	159.75	2.66	360.00	0	0	0	0
MW Gatting (ENG)
1980-1989	66	31	744	124.0	6	29	316	4	1/14	1/14	79.00	2.54	186.00	0	0	0	0
IA Greig (ENG)
1982-1982	2	3	188	31.2	6	6	114	4	4/53	4/72	28.50	3.63	47.00	1	1	0	0
Ijaz Faqih (PAK)
1980-1988	5	7	534	89.0	6	9	299	4	1/38	2/98	74.75	3.35	133.50	0	0	0	0
R Nanan (WI)
1980-1980	1	2	216	36.0	6	7	91	4	2/37	4/91	22.75	2.52	54.00	0	0	0	0
Naved Anjum (PAK)
1989-1989	1	2	306	51.0	6	10	149	4	2/57	4/149	37.25	2.92	76.50	0	0	0	0
NV Radford (ENG)
1986-1988	3	5	678	113.0	6	15	351	4	2/131	2/148	87.75	3.10	169.50	0	0	0	0
Rizwan-uz-Zaman (PAK)
1981-1989	11	3	132	22.0	6	7	46	4	3/26	3/39	11.50	2.09	33.00	1	0	0	0
Shoaib Mohammad (PAK)
1983-1989	26	16	192	32.0	6	7	82	4	2/8	2/8	20.50	2.56	48.00	0	0	0	0
MA Small (WI)
1984-1984	2	4	270	45.0	6	7	153	4	3/40	3/78	38.25	3.40	67.50	1	0	0	0
LB Taylor (ENG)
1985-1985	2	4	381	63.3	6	11	178	4	2/34	3/73	44.50	2.80	95.25	0	0	0	0
W Watson (NZ)
1986-1989	3	5	659	109.5	6	25	314	4	2/51	2/76	78.50	2.85	164.75	0	0	0	0
AMJG Amerasinghe (SL)
1984-1984	2	3	300	50.0	6	9	150	3	2/73	2/73	50.00	3.00	100.00	0	0	0	0
KBJ Azad (IND)
1981-1983	7	10	750	125.0	6	28	373	3	2/84	2/106	124.33	2.98	250.00	0	0	0	0
JH Childs (ENG)
1988-1988	2	3	516	86.0	6	29	183	3	1/13	2/92	61.00	2.12	172.00	0	0	0	0
PA de Silva (SL)
1984-1989	17	4	234	39.0	6	3	134	3	2/65	2/65	44.66	3.43	78.00	0	0	0	0
AP Igglesden (ENG)
1989-1989	1	2	222	37.0	6	3	146	3	2/91	3/146	48.66	3.94	74.00	0	0	0	0
AI Kallicharran (WI)
1980-1981	13	5	112	18.4	6	6	44	3	2/16	2/16	14.66	2.35	37.33	0	0	0	0
DV Lawrence (ENG)
1988-1988	1	2	216	36.0	6	9	111	3	2/74	3/111	37.00	3.08	72.00	0	0	0	0
MAR Samarasekera (SL)
1988-1989	2	2	192	32.0	6	5	104	3	2/38	3/104	34.66	3.25	64.00	0	0	0	0
SK Sharma (IND)
1988-1988	1	2	126	21.0	6	4	50	3	3/37	3/50	16.66	2.38	42.00	1	0	0	0
CL Smith (ENG)
1983-1986	8	4	102	17.0	6	4	39	3	2/31	2/31	13.00	2.29	34.00	0	0	0	0
Zaheer Abbas (PAK)
1980-1985	41	11	350	58.2	6	8	130	3	2/21	2/26	43.33	2.22	116.66	0	0	0	0
SA Ankola (IND)
1989-1989	1	2	180	30.0	6	7	128	2	1/35	2/128	64.00	4.26	90.00	0	0	0	0
AD Gaekwad (IND)
1983-1985	19	10	228	38.0	6	8	107	2	1/4	1/4	53.50	2.81	114.00	0	0	0	0
SMS Kaluperuma (SL)
1984-1988	4	6	240	40.0	6	8	124	2	2/17	2/24	62.00	3.10	120.00	0	0	0	0
Manzoor Elahi (PAK)
1984-1987	4	3	156	26.0	6	6	84	2	1/8	1/8	42.00	3.23	78.00	0	0	0	0
JFM Morrison (NZ)
1982-1982	3	3	240	40.0	6	17	62	2	2/52	2/52	31.00	1.55	120.00	0	0	0	0
DR Parry (WI)
1980-1980	1	1	132	22.0	6	6	63	2	2/63	2/63	31.50	2.86	66.00	0	0	0	0
ACS Pigott (ENG)
1984-1984	1	1	102	17.0	6	7	75	2	2/75	2/75	37.50	4.41	51.00	0	0	0	0
WV Raman (IND)
1988-1989	3	4	144	24.0	6	9	43	2	1/7	1/7	21.50	1.79	72.00	0	0	0	0
Shahid Mahboob (PAK)
1989-1989	1	1	294	49.0	6	12	131	2	2/131	2/131	65.50	2.67	147.00	0	0	0	0
RC Shukla (IND)
1982-1982	1	2	294	49.0	6	9	152	2	2/82	2/152	76.00	3.10	147.00	0	0	0	0
Aamer Malik (PAK)
1987-1989	10	8	126	21.0	6	3	73	1	1/0	1/6	73.00	3.47	126.00	0	0	0	0
Azhar Khan (PAK)
1980-1980	1	2	18	3.0	6	1	2	1	1/1	1/2	2.00	0.66	18.00	0	0	0	0
GR Beard (AUS)
1980-1980	3	4	259	43.1	6	17	109	1	1/26	1/26	109.00	2.52	259.00	0	0	0	0
VR Brown (NZ)
1985-1985	2	4	342	57.0	6	13	176	1	1/17	1/113	176.00	3.08	342.00	0	0	0	0
CPS Chauhan (IND)
1980-1981	8	4	60	10.0	6	1	34	1	1/4	1/4	34.00	3.40	60.00	0	0	0	0
KWR Fletcher (ENG)
1981-1982	7	3	36	6.0	6	2	20	1	1/6	1/6	20.00	3.33	36.00	0	0	0	0
SR Gillespie (NZ)
1986-1986	1	1	162	27.0	6	2	79	1	1/79	1/79	79.00	2.92	162.00	0	0	0	0
DI Gower (ENG)
1980-1989	89	5	36	6.0	6	0	20	1	1/1	1/1	20.00	3.33	36.00	0	0	0	0
DL Haynes (WI)
1980-1989	81	3	18	3.0	6	0	8	1	1/2	1/2	8.00	2.66	18.00	0	0	0	0
DW Hookes (AUS)
1980-1985	16	6	66	11.0	6	2	26	1	1/4	1/4	26.00	2.36	66.00	0	0	0	0
GP Howarth (NZ)
1980-1985	30	10	246	41.0	6	15	104	1	1/32	1/32	104.00	2.53	246.00	0	0	0	0
DM Jones (AUS)
1984-1989	30	7	138	23.0	6	11	41	1	1/5	1/6	41.00	1.78	138.00	0	0	0	0
BR Jurangpathy (SL)
1985-1986	2	2	150	25.0	6	3	93	1	1/69	1/69	93.00	3.72	150.00	0	0	0	0
SMH Kirmani (IND)
1980-1986	49	3	19	3.1	6	0	13	1	1/9	1/9	13.00	4.10	19.00	0	0	0	0
CM Kuggeleijn (NZ)
1988-1988	2	3	97	16.1	6	2	67	1	1/50	1/50	67.00	4.14	97.00	0	0	0	0
AJ Lamb (ENG)
1982-1989	57	6	30	5.0	6	2	23	1	1/6	1/6	23.00	4.60	30.00	0	0	0	0
DE Malcolm (ENG)
1989-1989	1	1	264	44.0	6	2	166	1	1/166	1/166	166.00	3.77	264.00	0	0	0	0
TM Moody (AUS)
1989-1989	3	4	234	39.0	6	15	53	1	1/23	1/29	53.00	1.35	234.00	0	0	0	0
SV Nayak (IND)
1982-1982	2	3	231	38.3	6	6	132	1	1/16	1/82	132.00	3.42	231.00	0	0	0	0
DN Patel (NZ)
1987-1989	8	7	427	71.1	6	17	210	1	1/80	1/80	210.00	2.95	427.00	0	0	0	0
AN Ranasinghe (SL)
1982-1982	2	3	114	19.0	6	1	69	1	1/23	1/40	69.00	3.63	114.00	0	0	0	0
GK Robertson (NZ)
1986-1986	1	1	144	24.0	6	6	91	1	1/91	1/91	91.00	3.79	144.00	0	0	0	0
KR Rutherford (NZ)
1985-1988	16	5	112	18.4	6	2	65	1	1/38	1/38	65.00	3.48	112.00	0	0	0	0
A Sidebottom (ENG)
1985-1985	1	1	112	18.4	6	3	65	1	1/65	1/65	65.00	3.48	112.00	0	0	0	0
Taslim Arif (PAK)
1980-1980	6	1	30	5.0	6	0	28	1	1/28	1/28	28.00	5.60	30.00	0	0	0	0
M Venkataramana (IND)
1989-1989	1	2	70	11.4	6	1	58	1	1/10	1/58	58.00	4.97	70.00	0	0	0	0
KPJ Warnaweera (SL)
1986-1986	1	1	51	8.3	6	2	26	1	1/26	1/26	26.00	3.05	51.00	0	0	0	0
RGCE Wijesuriya (SL)
1982-1985	4	5	586	97.4	6	23	294	1	1/68	1/77	294.00	3.01	586.00	0	0	0	0
Yashpal Sharma (IND)
1980-1983	24	3	30	5.0	6	2	17	1	1/6	1/6	17.00	3.40	30.00	0	0	0	0
B Yograj Singh (IND)
1981-1981	1	1	90	15.0	6	3	63	1	1/63	1/63	63.00	4.20	90.00	0	0	0	0
Aaqib Javed (PAK)
1989-1989	1	2	282	47.0	6	6	160	0	-	-	-	3.40	0.00	0	0	0	0
Akram Raza (PAK)
1989-1989	1	1	108	18.0	6	3	58	0	-	-	-	3.22	0.00	0	0	0	0
KLT Arthurton (WI)
1988-1989	5	4	84	14.0	6	3	38	0	-	-	-	2.71	0.00	0	0	0	0
J Arun Lal (IND)
1982-1989	16	3	16	2.4	6	1	7	0	-	-	-	2.62	0.00	0	0	0	0
Asif Mujtaba (PAK)
1986-1987	3	1	18	3.0	6	2	2	0	-	-	-	0.66	0.00	0	0	0	0
MA Atherton (ENG)
1989-1989	2	2	48	8.0	6	0	34	0	-	-	-	4.25	0.00	0	0	0	0
M Azharuddin (IND)
1984-1989	34	1	6	1.0	6	0	8	0	-	-	-	8.00	0.00	0	0	0	0
SFAF Bacchus (WI)
1980-1982	11	1	6	1.0	6	0	3	0	-	-	-	3.00	0.00	0	0	0	0
KJ Barnett (ENG)
1988-1989	4	1	36	6.0	6	0	32	0	-	-	-	5.33	0.00	0	0	0	0
DC Boon (AUS)
1984-1989	45	1	12	2.0	6	1	5	0	-	-	-	2.50	0.00	0	0	0	0
G Boycott (ENG)
1980-1982	23	3	78	13.0	6	6	18	0	-	-	-	1.38	0.00	0	0	0	0
BC Broad (ENG)
1984-1989	25	1	6	1.0	6	0	4	0	-	-	-	4.00	0.00	0	0	0	0
CL Cairns (NZ)
1989-1989	1	1	72	12.0	6	2	60	0	-	-	-	5.00	0.00	0	0	0	0
G Cook (ENG)
1982-1983	7	3	42	7.0	6	3	27	0	-	-	-	3.85	0.00	0	0	0	0
JJ Crowe (NZ)
1983-1989	38	2	18	3.0	6	1	9	0	-	-	-	3.00	0.00	0	0	0	0
TS Curtis (ENG)
1988-1989	5	1	18	3.0	6	0	7	0	-	-	-	2.33	0.00	0	0	0	0
SP Davis (AUS)
1986-1986	1	1	150	25.0	6	4	70	0	-	-	-	2.80	0.00	0	0	0	0
RL Dias (SL)
1982-1987	20	1	24	4.0	6	0	17	0	-	-	-	4.25	0.00	0	0	0	0
BA Edgar (NZ)
1980-1986	33	1	18	3.0	6	1	3	0	-	-	-	1.00	0.00	0	0	0	0
NH Fairbrother (ENG)
1987-1988	4	1	12	2.0	6	0	9	0	-	-	-	4.50	0.00	0	0	0	0
G Fowler (ENG)
1982-1985	21	3	18	3.0	6	1	11	0	-	-	-	3.66	0.00	0	0	0	0
SM Gavaskar (IND)
1980-1987	65	13	124	20.4	6	5	72	0	-	-	-	3.48	0.00	0	0	0	0
CG Greenidge (WI)
1980-1989	75	1	18	3.0	6	2	4	0	-	-	-	1.33	0.00	0	0	0	0
RPW Guneratne (SL)
1983-1983	1	1	102	17.0	6	1	84	0	-	-	-	4.94	0.00	0	0	0	0
KJ Hughes (AUS)
1980-1984	50	5	79	13.1	6	3	28	0	-	-	-	2.12	0.00	0	0	0	0
Javed Miandad (PAK)
1980-1989	76	15	216	36.0	6	3	126	0	-	-	-	3.50	0.00	0	0	0	0
S Jeganathan (SL)
1983-1983	2	1	30	5.0	6	2	12	0	-	-	-	2.40	0.00	0	0	0	0
AH Jones (NZ)
1987-1989	10	1	18	3.0	6	0	16	0	-	-	-	5.33	0.00	0	0	0	0
LWS Kaluperuma (SL)
1982-1982	2	3	162	27.0	6	4	93	0	-	-	-	3.44	0.00	0	0	0	0
CL King (WI)
1980-1980	4	4	144	24.0	6	4	106	0	-	-	-	4.41	0.00	0	0	0	0
BM Laird (AUS)
1980-1982	18	2	18	3.0	6	1	12	0	-	-	-	4.00	0.00	0	0	0	0
CH Lloyd (WI)
1980-1985	44	1	6	1.0	6	0	1	0	-	-	-	1.00	0.00	0	0	0	0
AL Logie (WI)
1983-1989	37	2	7	1.1	6	1	4	0	-	-	-	3.42	0.00	0	0	0	0
