# Strike-rate-enriched source data — 1990s (all nations). Provided by user (RTF upload).
# Markers: "+" incomplete, "*" estimated, "-" n/a.
# BATTING cols (after Span): Mat, Inns, NO, Runs, HS, Ave, BF, SR, 100, 30+, 50, 0, 4s, 6s
# BOWLING cols (after Span): Mat, Inns, Balls, Overs, BPO, Mdns, Runs, Wkts, BBI, BBM, Ave, Econ, SR, 3w, 4w, 5w, 10w

# ============ BATTING ============
AJ Stewart (ENG)
1990-1999	93	169	12	6407	190	40.80	13199	48.54	12	82	34	7	842	8
ME Waugh (AUS)
1991-1999	99	164	11	6371	153*	41.64	12267	51.93	17	77	37	15	636	34
MA Taylor (AUS)
1990-1999	93	166	12	6306	334*	40.94	15374	41.01	15	72	35	5	602	7
MA Atherton (ENG)
1990-1999	91	168	6	6217	185*	38.37	16480	37.72	13	74	38	18	727	3
SR Waugh (AUS)
1990-1999	89	143	26	6213	200	53.10	13181	47.13	18	63	28	11	636	7
SR Tendulkar (IND)
1990-1999	69	109	12	5626	217	58.00	10344+	54.28*	22	55	21	7	732+	27
BC Lara (WI)
1990-1999	65	112	4	5573	375	51.60	8982	62.04	13	62	29	4	773	29
PA de Silva (SL)
1990-1999	62	104	9	4448	267	46.82	8530+	52.00*	14	46	18	6	547+	33
MJ Slater (AUS)
1993-1999	58	103	5	4425	219	45.15	8406	52.64	13	45	16	9	481	26
DC Boon (AUS)
1990-1996	62	108	13	4303	164*	45.29	10758	39.99	13	50	18	11	474	1
GA Gooch (ENG)
1990-1995	45	83	2	4176	333	51.55	8190	50.98	12	44	17	3	521	16
IA Healy (AUS)
1990-1999	102	159	21	3949	161*	28.61	7863	50.22	4	49	21	15	389	5
M Azharuddin (IND)
1990-1999	64	94	6	3880	192	44.09	6302+	61.20*	14	39	12	3	476+	14
G Kirsten (SA)
1993-1999	56	100	9	3792	275	41.67	9185	41.28	10	42	18	8	485	4
Inzamam-ul-Haq (PAK)
1992-1999	58	97	11	3717	200*	43.22	7225	51.44	8	39	23	8	466	15
WJ Cronje (SA)
1992-1999	64	106	9	3689	135	38.03	8227	44.84	6	49	23	8	405	33
GP Thorpe (ENG)
1993-1999	57	105	13	3599	138	39.11	7793	46.18	6	43	24	8	436	1
RA Smith (ENG)
1990-1996	54	96	13	3538	175	42.62	7927	44.63	7	45	24	6	463	11
CL Hooper (WI)
1990-1999	64	110	12	3514	178*	35.85	6700	52.44	8	42	15	10	390	44
Saeed Anwar (PAK)
1990-1999	44	75	2	3366	188*	46.10	5890	57.14	9	39	21	8	449	10
DJ Cullinan (SA)
1993-1999	53	87	8	3354	275*	42.45	6681	50.20	9	37	16	10	416	13
Saleem Malik (PAK)
1990-1999	47	77	9	3126	237	45.97	6167	50.68	8	37	15	6	395	3
A Ranatunga (SL)
1990-1999	60	97	8	3074	131	34.53	6094+	49.73*	2	44	22	9	360+	26
GA Hick (ENG)
1991-1999	54	94	6	3005	178	34.14	6009	50.00	5	38	17	6	409	22
SP Fleming (NZ)
1994-1999	48	84	6	2984	174*	38.25	7116	41.93	2	41	23	7	372	8
HP Tillakaratne (SL)
1990-1999	55	89	14	2966	126*	39.54	7452+	39.06*	6	38	16	7	350	0
N Hussain (ENG)
1990-1999	45	81	8	2918	207	39.97	7345	39.72	8	37	13	9	365	8
Ijaz Ahmed (PAK)
1990-1999	44	71	4	2815	211	42.01	6096	46.17	11	27	10	5	354	19
Aamer Sohail (PAK)
1992-1998	45	79	3	2777	205	36.53	4960	55.98	5	34	13	4	378	8
ST Jayasuriya (SL)
1991-1999	44	74	9	2751	340	42.32	4273	64.38	5	30	14	9	349	21
R Dravid (IND)
1996-1999	34	58	4	2698	190	49.96	6958	38.77	6	33	16	1	325	3
AR Border (AUS)
1990-1994	45	73	11	2686	200*	43.32	6732	39.89	4	33	17	6	276	6
RB Richardson (WI)
1990-1995	41	70	5	2629	182	40.44	5323	49.38	6	38	14	5	348	19
A Flower (ZIM)
1992-1999	39	70	12	2580	156	44.48	6337	40.71	6	33	16	4	263	7
NS Sidhu (IND)
1990-1999	38	56	0	2517	201	44.94	5723	43.98	7	32	12	6	289	33
GS Blewett (AUS)
1995-1999	43	74	4	2483	214	35.47	5884	42.19	4	29	15	5	271	4
SC Ganguly (IND)
1996-1999	32	54	5	2432	173	49.63	5102	47.66	7	31	12	4	314	23
RS Mahanama (SL)
1990-1998	46	79	1	2333	225	29.91	5646+	41.30*	4	26	10	7	280+	2
JC Adams (WI)
1992-1999	39	63	12	2326	208*	45.60	5625	41.35	5	23	11	4	263	4
JN Rhodes (SA)
1992-1999	48	73	8	2321	117	35.70	5113	45.39	3	28	15	4	237	21
MD Crowe (NZ)
1990-1995	32	55	4	2317	299	45.43	4851	47.76	7	24	7	2	275	21
AC Parore (NZ)
1990-1999	58	98	10	2249	100*	25.55	5795	38.80	1	31	13	4	250	4
S Chanderpaul (WI)
1994-1999	37	62	7	2234	137*	40.61	5482	40.75	2	30	18	4	263	2
GW Flower (ZIM)
1992-1999	38	70	3	2230	201*	33.28	6295	35.42	5	27	8	8	205	9
SL Campbell (WI)
1995-1999	36	63	3	2184	208	36.40	5313	41.10	4	24	12	6	282	5
AH Jones (NZ)
1990-1995	29	55	7	2171	186	45.22	5500	39.47	6	24	7	1	187	5
DL Haynes (WI)
1990-1994	31	56	8	2147	167	44.72	4518	47.52	6	26	8	3	260	6
KR Rutherford (NZ)
1990-1995	40	72	5	2097	105	31.29	4343	48.28	2	26	16	8	267	15
RT Ponting (AUS)
1995-1999	33	52	5	2092	197	44.51	4270	48.99	6	21	10	3	203	10
Moin Khan (PAK)
1990-1999	50	77	6	2049	117*	28.85	4084	50.17	3	23	13	5	248	21
AP Gurusinha (SL)
1990-1996	32	55	5	2038	143	40.76	5579	36.52	6	23	8	2	227	10
BA Young (NZ)
1993-1999	35	68	4	2034	267*	31.78	5222	38.95	2	25	12	5	232	1
CL Cairns (NZ)
1991-1999	43	72	3	2026	126	29.36	4022	50.37	2	24	17	5	222	45
NJ Astle (NZ)
1996-1999	34	60	5	2020	125	36.72	4334	46.60	5	27	9	4	264	18
AC Hudson (SA)
1992-1998	35	63	3	2007	163	33.45	5129	39.13	4	25	13	7	254	5
BM McMillan (SA)
1992-1998	38	62	12	1968	113	39.36	4592	42.85	3	24	13	3	206	11
Wasim Akram (PAK)
1990-1999	62	96	10	1956	257*	22.74	3799	51.48	2	24	3	7	237	30
JH Kallis (SA)
1995-1999	32	51	6	1849	148*	41.08	5110	36.18	5	22	10	3	188	6
ADR Campbell (ZIM)
1992-1999	39	70	2	1773	99	26.07	4246	41.75	0	24	11	6	222	2
JL Langer (AUS)
1993-1999	29	48	1	1702	179*	36.21	4030	42.23	5	20	9	4	139	6
MR Ramprakash (ENG)
1991-1999	38	67	6	1701	154	27.88	5072	33.53	1	20	10	10	168	3
JG Wright (NZ)
1990-1993	18	33	3	1662	185	55.40	4525	36.72	5	20	7	2	211	4
SK Warne (AUS)
1992-1999	80	113	12	1577	86	15.61	3024	52.14	0	18	4	20	159	17
AJ Lamb (ENG)
1990-1992	22	39	1	1558	142	41.00	2671	58.33	5	19	6	3	212	9
RC Russell (ENG)
1990-1998	47	74	13	1489	124	24.40	4322	34.45	1	20	4	8	158+	0
DL Houghton (ZIM)
1992-1997	22	36	2	1464	266	43.05	3221	45.45	4	18	4	0	168	12
Ramiz Raja (PAK)
1990-1997	28	48	2	1454	98	31.60	3141	46.29	0	20	13	5	175	0
MJ Horne (NZ)
1997-1999	24	45	2	1453	157	33.79	3389	42.87	3	20	5	1	172	10
MS Atapattu (SL)
1990-1999	29	51	5	1447	223	31.45	3341+	43.31*	3	13	3	10	182	1
RS Kaluwitharana (SL)
1992-1999	33	50	3	1432	132*	30.46	2350	60.93	3	17	7	3	216	4
SM Pollock (SA)
1995-1999	38	56	12	1404	92	31.90	2798	50.17	0	21	8	2	147	9
GJ Whittall (ZIM)
1993-1999	31	54	4	1368	203*	27.36	3534	38.70	2	17	7	4	158	4
DJ Richardson (SA)
1992-1998	42	64	8	1359	109	24.26	3241	41.93	1	18	8	7	144	2
M Prabhakar (IND)
1990-1995	33	48	5	1346	120	31.30	3516+	37.40*	1	18	8	3	137+	3
NR Mongia (IND)
1994-1999	40	61	6	1343	152	24.41	3551	37.82	1	18	6	5	148	3
JP Crawley (ENG)
1994-1999	29	47	5	1329	156*	31.64	3459	38.42	3	15	7	3	135	3
MJ Greatbatch (NZ)
1990-1996	34	58	1	1328	133	23.29	2900	45.79	1	17	6	9	144	10
KLT Arthurton (WI)
1992-1995	28	42	3	1277	157*	32.74	3010	42.42	2	16	8	7	132	17
UC Hathurusingha (SL)
1991-1999	26	44	1	1274	83	29.62	3573	35.65	0	16	8	2	154	0
DM Jones (AUS)
1990-1992	22	36	4	1261	150*	39.40	2559	49.27	4	16	5	7	130	5
SV Manjrekar (IND)
1990-1996	28	46	4	1259	104	29.97	3523	35.73	1	19	6	2	125	1
CD McMillan (NZ)
1997-1999	19	32	3	1256	142	43.31	2130	58.96	3	14	7	2	142	24
MA Butcher (ENG)
1997-1999	25	48	1	1173	116	24.95	3122	37.57	2	12	4	5	142	0
MTG Elliott (AUS)
1996-1999	20	34	1	1171	199	35.48	2626	44.59	3	13	4	4	155	4
Shoaib Mohammad (PAK)
1990-1995	19	31	4	1162	203*	43.03	3211	36.18	3	14	5	2	125	2
Javed Miandad (PAK)
1990-1993	23	36	3	1131	153*	34.27	2600	43.50	1	14	7	1	128	4
CC Lewis (ENG)
1990-1996	32	51	3	1105	117	23.02	2421	45.64	1	13	4	6	137	6
SC Williams (WI)
1994-1998	28	47	2	1092	128	24.26	2221	49.16	1	14	3	6	154	6
MW Goodwin (ZIM)
1998-1999	15	29	2	1086	166*	40.22	2389	45.45	1	14	8	4	129	5
VG Kambli (IND)
1993-1995	17	21	1	1084	227	54.20	1823	59.46	4	8	3	3	124	6
A Kumble (IND)
1990-1999	58	75	14	1079	88	17.68	2756	39.15	0	8	3	8	112	5
KC Wessels (SA)
1992-1994	16	29	2	1027	118	38.03	2538	40.46	2	12	6	2	107	1
CEL Ambrose (WI)
1990-1999	71	104	21	1016	53	12.24	2112	48.10	0	8	1	20	132	8
N Kapil Dev (IND)
1990-1994	28	35	3	1002	129	31.31	1450+	68.82*	2	11	5	3	119+	17
HH Gibbs (SA)
1996-1999	17	30	1	969	211*	33.41	2266	42.76	2	13	3	2	124	5
SA Thomson (NZ)
1990-1995	19	35	4	958	120*	30.90	2113	45.33	1	11	5	3	133	6
PR Reiffel (AUS)
1992-1998	35	50	14	955	79*	26.52	2042	46.76	0	10	6	5	103	0
L Klusener (SA)
1996-1999	25	33	5	954	174	34.07	1400	68.14	2	12	3	2	132	10
PV Simmons (WI)
1991-1997	24	43	2	953	110	23.24	1805	52.79	1	10	4	4	130	4
DPMD Jayawardene (SL)
1997-1999	15	22	1	933	242	44.42	2014	46.32	2	9	5	1	114	3
DN Patel (NZ)
1990-1997	29	50	8	926	99	22.04	2078	44.56	0	10	4	6	96	5
JR Murray (WI)
1993-1999	31	42	4	917	101*	24.13	1649	55.60	1	10	3	7	102	6
Mohammad Yousuf (PAK)
1998-1999	15	27	1	897	120*	34.50	1905	47.08	1	10	9	3	123	6
Asif Mujtaba (PAK)
1992-1997	22	36	3	889	65*	26.93	3053	29.11	0	13	8	5	104	0
Basit Ali (PAK)
1993-1995	19	33	1	858	103	26.81	1803	47.58	1	10	5	5	91	7
DI Gower (ENG)
1990-1992	11	21	5	848	157*	53.00	1554	54.56	3	10	2	1	98	0
MV Boucher (SA)
1997-1999	24	30	4	844	125	32.46	1837	45.94	3	11	4	3	108	3
S Ramesh (IND)
1999-1999	9	18	1	843	143	49.58	1702	49.52	2	10	5	1	103	0
GR Marsh (AUS)
1990-1992	17	32	4	837	94	29.89	2211	37.85	0	11	6	2	97	0
AM Bacher (SA)
1996-1999	19	33	1	833	96	26.03	2058	40.47	0	11	5	3	108	3
GRJ Matthews (AUS)
1990-1993	12	19	2	818	128	48.11	1867	43.81	1	12	8	1	65	1
Azhar Mahmood (PAK)
1997-1999	18	29	4	811	136	32.44	1609	50.40	3	6	1	4	101	5
RJ Shastri (IND)
1990-1992	11	17	0	794	206	46.70	2242	35.41	3	5	1	0	78	5
MG Bevan (AUS)
1994-1998	18	30	3	785	91	29.07	1972	39.80	0	9	6	4	89	1
J Srinath (IND)
1991-1999	43	62	16	771	76	16.76	1506	51.19	0	7	4	5	83	4
AL Logie (WI)
1990-1991	15	22	3	763	98	40.15	1255	60.79	0	10	7	0	98	1
CM Spearman (NZ)
1995-1999	13	25	2	759	112	33.00	1683	45.09	1	11	3	2	94	4
PA Strang (ZIM)
1994-1998	20	34	7	747	106*	27.66	1663	44.91	1	13	2	2	82	1
PL Symcox (SA)
1993-1998	20	27	1	741	108	28.50	1321	56.09	1	10	4	1	80	12
CG Greenidge (WI)
1990-1991	12	22	1	732	226	34.85	1520	48.15	2	8	0	0	98	5
PAJ DeFreitas (ENG)
1990-1995	31	49	4	730	88	16.22	1270	57.48	0	7	4	8	81	7
IVA Richards (WI)
1990-1991	13	21	2	691	80	36.36	1147	60.24	0	10	8	1	83	13
WPUJC Vaas (SL)
1994-1999	34	47	7	680	57	17.00	1818	37.40	0	8	2	5	75	4
BA Pocock (NZ)
1993-1997	15	29	0	665	85	22.93	2231	29.80	0	7	6	4	59	0
HDPK Dharmasena (SL)
1993-1998	20	35	5	660	62*	22.00	1981	33.31	0	10	2	3	68	2
Rashid Latif (PAK)
1992-1998	22	34	5	659	68*	22.72	1581	41.68	0	13	3	3	70	2
DJ Nash (NZ)
1992-1999	30	43	13	642	89*	21.40	1905	33.70	0	5	3	5	57	3
RP Arnold (SL)
1997-1999	12	19	3	635	123	39.68	1541	41.20	2	9	3	2	75	2
DG Cork (ENG)
1995-1998	27	42	6	634	59	17.61	1657	38.26	0	8	2	3	79	1
MG Hughes (AUS)
1990-1994	33	46	5	631	45	15.39	1439	43.84	0	8	0	6	55	13
RG Twose (NZ)
1995-1999	16	27	2	628	94	25.12	2073	30.29	0	9	6	5	63	7
GJ Rennie (ZIM)
1997-1999	14	28	1	627	84	23.22	1816	34.52	0	7	5	3	56	2
PN Kirsten (SA)
1992-1994	12	22	2	626	104	31.30	2084	30.03	1	8	4	2	67	0
VVS Laxman (IND)
1996-1999	16	28	2	626	95	24.07	1544	40.54	0	8	5	3	78	0
TJ Franklin (NZ)
1990-1991	13	23	1	608	101	27.63	2158	28.17	1	7	3	1	59	1
Waqar Younis (PAK)
1990-1999	56	76	18	607	45	10.46	1300	46.69	0	3	0	11	81	5
Mushtaq Ahmed (PAK)
1990-1999	43	63	13	606	59	12.12	1690	35.85	0	4	2	12	64	8
DL Vettori (NZ)
1997-1999	28	42	7	603	90	17.22	1467	41.10	0	6	4	8	62	2
CJ McDermott (AUS)
1991-1996	47	57	10	601	42*	12.78	1028	58.46	0	5	0	8	59	5
Mohammad Wasim (PAK)
1996-1999	13	20	2	592	192	32.88	1263	46.87	2	4	1	3	74	0
KS More (IND)
1990-1993	21	26	5	587	73	27.95	1502+	36.61*	0	8	5	2	56+	1
NV Knight (ENG)
1995-1998	12	21	0	585	113	27.85	1230	47.56	1	6	4	0	64	2
CZ Harris (NZ)
1992-1999	19	34	4	582	71	19.40	1807	32.20	0	7	4	7	63	1
IR Bishop (WI)
1990-1998	39	58	8	577	48	11.54	1593	36.22	0	3	0	9	56	2
A Jadeja (IND)
1992-1999	14	22	2	563	96	28.15	1391	40.47	0	6	4	1	61	3
CA Walsh (WI)
1990-1999	78	110	36	557	30	7.52	1214	45.88	0	1	0	27	47	10
Imran Khan (PAK)
1990-1992	9	13	4	545	136	60.55	1449	37.61	1	6	4	2	42	5
MW Gatting (ENG)
1993-1995	11	21	0	539	117	25.66	1438	37.48	1	5	3	3	69	1
HH Streak (ZIM)
1993-1999	27	43	7	536	53	14.88	1589	33.73	0	6	2	9	61	2
AA Donald (SA)
1992-1999	59	75	27	532	34	11.08	1494	35.60	0	3	0	13	53	0
S Ranatunga (SL)
1994-1997	9	17	1	531	118	33.18	1626	32.65	2	6	2	1	56	0
GP Wickramasinghe (SL)
1991-1999	36	56	5	528	51	10.35	1054	50.09	0	2	1	12	64	4
D Gough (ENG)
1994-1999	34	51	8	514	65	11.95	1243	41.35	0	3	2	10	58	6
AR Caddick (ENG)
1993-1999	28	44	5	508	48	13.02	1527	33.26	0	4	0	8	61	5
RD Jacobs (WI)
1998-1999	11	21	4	506	78	29.76	1159	43.65	0	5	3	0	65	4
SB Doull (NZ)
1992-1999	30	46	10	501	46	13.91	785	63.82	0	3	0	10	69	7
M Muralidaran (SL)
1992-1999	48	62	25	481	39	13.00	765	62.87	0	2	0	12	61	4
AC Gilchrist (AUS)
1999-1999	5	8	1	440	149*	62.85	538	81.78	1	5	3	1	49	1
IDS Smith (NZ)
1990-1992	14	18	2	439	173	27.43	526	83.46	1	3	1	0	61	3
PJL Dujon (WI)
1990-1991	17	26	2	437	70	18.20	1111	39.33	0	5	2	3	46	3
NC Johnson (ZIM)
1998-1999	9	16	1	426	107	28.40	872	48.85	1	4	3	1	47	4
PK Amre (IND)
1992-1993	11	13	3	425	103	42.50	1126	37.74	1	5	3	0	44	3
Saqlain Mushtaq (PAK)
1995-1999	24	38	7	402	79	12.96	1776	22.63	0	4	2	9	38	0
TE Blain (NZ)
1993-1994	8	15	3	383	78	31.91	935	40.96	0	5	2	1	54	4
LK Germon (NZ)
1995-1997	12	21	3	382	55	21.22	978	39.05	0	4	1	3	54	1
RIC Holder (WI)
1997-1999	11	17	2	380	91	25.33	964	39.41	0	4	2	1	41	1
MD Marshall (WI)
1990-1991	15	23	3	372	67	18.60	726	51.23	0	2	2	4	40	3
RG Samuels (WI)
1996-1997	6	12	2	372	125	37.20	855	43.50	1	4	1	0	52	4
DB Vengsarkar (IND)
1990-1992	11	17	0	370	54	21.76	944+	38.45*	0	7	3	2	31+	0
PS de Villiers (SA)
1993-1998	18	26	7	359	67*	18.89	991	36.22	0	4	2	3	36	5
AFG Griffith (WI)
1997-1999	5	10	0	358	114	35.80	1234	29.01	1	5	2	1	34	1
Shahid Afridi (PAK)
1998-1999	6	11	0	354	141	32.18	512	69.14	1	4	1	2	51	7
MN Hart (NZ)
1994-1995	14	24	4	353	45	17.65	1045	33.77	0	3	0	3	45	0
CR Matthews (SA)
1992-1995	18	25	6	348	62*	18.31	776	44.84	0	4	1	4	47	2
WKM Benjamin (WI)
1993-1995	13	16	0	346	85	21.62	542	63.83	0	5	2	1	38	5
ARC Fraser (ENG)
1990-1998	43	62	15	341	32	7.25	1217	28.01	0	1	0	9	29	2
BC Strang (ZIM)
1995-1999	19	33	7	336	53	12.92	649	51.77	0	3	1	7	35	2
MH Dekker (ZIM)
1993-1996	14	22	1	333	68*	15.85	1056	31.53	0	3	2	4	35	0
DK Morrison (NZ)
1990-1997	39	60	23	332	42	8.97	1415	23.46	0	1	0	18	30	1
WV Raman (IND)
1990-1997	8	14	1	321	96	24.69	839	38.25	0	4	3	4	41	1
W Larkins (ENG)
1990-1991	7	14	1	317	64	24.38	873	36.31	0	5	3	4	33	0
DR Martyn (AUS)
1992-1994	7	12	1	317	74	28.81	731	43.36	0	5	3	1	28	1
BR Hartland (NZ)
1992-1994	9	18	0	303	52	16.83	967	31.33	0	3	1	3	35	0
DJ Murray (NZ)
1994-1995	8	16	1	303	52	20.20	1027	29.50	0	5	1	3	34	0
Wajahatullah Wasti (PAK)
1999-1999	4	7	1	303	133	50.50	709	42.73	2	2	0	0	36	3
KJ Arnott (ZIM)
1992-1993	4	8	1	302	101*	43.14	926	32.61	1	5	1	1	30	1
CB Wishart (ZIM)
1995-1999	12	22	1	302	63	14.38	894	33.78	0	2	2	3	30	1
DW Fleming (AUS)
1994-1999	18	18	3	299	71*	19.93	562	53.20	0	4	2	7	38	0
RDB Croft (ENG)
1996-1998	15	24	6	295	37*	16.38	772	38.21	0	2	0	1	36	2
RS Kalpage (SL)
1993-1999	11	18	2	294	63	18.37	708	41.52	0	4	2	0	35	4
SJ Rhodes (ENG)
1994-1995	11	17	5	294	65*	24.50	941	31.24	0	4	1	1	28	2
Zahid Fazal (PAK)
1990-1995	9	16	0	288	78	18.00	906	31.78	0	3	1	0	38	0
GD McGrath (AUS)
1993-1999	58	72	23	286	39	5.83	755	37.88	0	1	0	21	19	0
CB Lambert (WI)
1991-1998	5	9	0	284	104	31.55	706	40.22	1	4	1	1	34	2
IDK Salisbury (ENG)
1992-1998	12	22	2	284	50	14.20	1001	28.37	0	3	1	4	38	0
PA Wallace (WI)
1997-1999	7	13	0	279	92	21.46	482	57.88	0	3	2	1	40	2
GR Stead (NZ)
1999-1999	5	8	0	278	78	34.75	671	41.43	0	3	2	0	36	0
CA Best (WI)
1990-1990	5	9	0	264	164	29.33	530	49.81	1	2	1	1	30	1
ML Hayden (AUS)
1994-1997	7	12	0	261	125	21.75	604	43.21	1	3	0	4	29	1
CO Browne (WI)
1995-1997	13	20	6	250	39*	17.85	668	37.42	0	3	0	5	32	2
TM Moody (AUS)
1990-1992	5	9	0	248	101	27.55	559	44.36	1	3	2	1	26	0
Ali Naqvi (PAK)
1997-1998	5	9	1	242	115	30.25	677	35.74	1	2	0	0	31	0
D Williams (WI)
1992-1998	11	19	1	242	65	13.44	754	32.09	0	3	1	7	22	0
Sir RJ Hadlee (NZ)
1990-1990	7	7	0	240	87	34.28	341	70.38	0	2	2	1	33	2
SLV Raju (IND)
1990-1998	27	33	10	236	31	10.26	741+	29.95*	0	2	0	3	12+	0
JN Gillespie (AUS)
1996-1999	14	22	9	233	41	17.92	800	29.12	0	1	0	3	20	0
SB Joshi (IND)
1996-1999	12	17	2	233	43	15.53	636	36.63	0	1	0	2	23	3
DS Lehmann (AUS)
1998-1999	5	8	0	228	98	28.50	402	56.71	0	3	2	1	29	0
KCG Benjamin (WI)
1992-1998	26	36	8	222	43*	7.92	534	41.57	0	1	0	8	28	1
DE Malcolm (ENG)
1990-1997	39	56	19	222	29	6.00	491	45.21	0	0	0	16	30	6
MD Bell (NZ)
1998-1999	8	15	1	221	83	15.78	830	26.62	0	1	1	3	20	0
RT Latham (NZ)
1992-1993	4	7	0	219	119	31.28	447	48.99	1	2	0	1	27	1
NH Fairbrother (ENG)
1990-1993	6	11	1	214	83	21.40	551	38.83	0	2	1	0	22	2
MS Kasprowicz (AUS)
1996-1999	16	21	4	214	25	12.58	468	45.72	0	0	0	4	23	1
MS Sinclair (NZ)
1999-1999	1	1	0	214	214	214.00	447	47.87	1	1	0	0	22	0
DP Samaraweera (SL)
1993-1995	7	14	0	211	42	15.07	805	26.21	0	3	0	1	18	0
MA Ealham (ENG)
1996-1998	8	13	3	210	53*	21.00	699	30.04	0	2	2	0	21	0
TM Dilshan (SL)
1999-1999	3	4	1	209	163*	69.66	426	49.06	1	2	0	1	26	0
DJ Gandhi (IND)
1999-1999	4	7	1	204	88	34.00	545	37.43	0	3	2	2	27	1
JTC Vaughan (NZ)
1992-1997	6	12	1	201	44	18.27	757	26.55	0	2	0	0	21	0
PL Taylor (AUS)
1990-1991	6	8	0	198	87	24.75	562	35.23	0	3	1	0	12	0
PB Dassanayake (SL)
1993-1994	11	17	2	196	36	13.06	560	35.00	0	1	0	3	21	0
NAM McLean (WI)
1998-1999	8	12	1	187	39	17.00	339	55.16	0	3	0	0	17	8
DW Headley (ENG)
1997-1999	15	26	4	186	31	8.45	671	27.71	0	1	0	3	18	0
DR Pringle (ENG)
1991-1992	9	14	1	183	45	14.07	681	26.87	0	3	0	2	14	1
Saleem Yousuf (PAK)
1990-1990	7	10	0	177	38	17.70	420	42.14	0	3	0	0	18	1
SV Carlisle (ZIM)
1995-1996	6	10	1	175	58	19.44	499	35.07	0	3	1	2	19	0
C Pringle (NZ)
1990-1995	14	21	4	175	30	10.29	345	50.72	0	1	0	7	23	3
JE Emburey (ENG)
1993-1995	4	7	2	173	59	34.60	677	25.55	0	3	2	0	17	1
M Watkinson (ENG)
1995-1996	4	6	1	167	82*	33.40	352	47.44	0	2	1	1	18	1
AJ Tudor (ENG)
1998-1999	3	6	3	166	99*	55.33	274	60.58	0	2	1	1	31	0
C White (ENG)
1994-1997	8	12	0	166	51	13.83	554	29.96	0	2	1	2	22	0
ML Su'a (NZ)
1992-1995	13	18	5	165	44	12.69	517	31.91	0	2	0	5	21	1
SCG MacGill (AUS)
1998-1999	12	18	1	164	43	9.64	417	39.32	0	1	0	6	13	2
HD Ackerman (SA)
1998-1998	4	8	0	161	57	20.12	475	33.89	0	2	1	0	15	0
CI Dunusinghe (SL)
1995-1995	5	10	0	160	91	16.00	452	35.39	0	1	1	3	15	1
BKV Prasad (IND)
1996-1999	28	39	15	157	30*	6.54	545	28.80	0	1	0	9	9	0
RJ Ratnayake (SL)
1990-1992	8	11	2	156	52	17.33	190+	82.10*	0	1	1	2	19	5
Akram Raza (PAK)
1990-1995	8	12	2	153	32	15.30	370	41.35	0	1	0	3	18	0
AJ Pycroft (ZIM)
1992-1992	3	5	0	152	60	30.40	378	40.21	0	3	1	0	12	1
A Flintoff (ENG)
1998-1999	5	8	0	150	42	18.75	230	65.21	0	3	0	2	29	0
PCR Tufnell (ENG)
1990-1999	40	55	28	144	22*	5.33	661	21.78	0	0	0	13	12	0
GC Small (ENG)
1990-1991	11	16	4	143	44*	11.91	354	40.39	0	1	0	3	17	0
FA Rose (WI)
1997-1999	13	18	2	142	34	8.87	290	48.96	0	1	0	2	14	4
DRE Joseph (WI)
1999-1999	4	7	0	141	50	20.14	322	43.78	0	1	1	0	18	1
GR Robertson (AUS)
1998-1998	4	7	0	140	57	20.00	415	33.73	0	2	1	2	15	1
PR Adams (SA)
1995-1999	28	31	8	139	29	6.04	368	37.77	0	0	0	6	12	1
TBA May (AUS)
1993-1995	17	18	8	135	42*	13.50	521	25.91	0	1	0	2	7	0
K Srikkanth (IND)
1991-1992	4	8	0	135	38	16.87	364	37.08	0	2	0	1	20	0
V Rathour (IND)
1996-1997	6	10	0	131	44	13.10	383	34.20	0	1	0	0	13	0
RK Illingworth (ENG)
1991-1995	9	14	7	128	28	18.28	399	32.08	0	0	0	3	15	0
BP Julian (AUS)
1993-1995	7	9	1	128	56*	16.00	268	47.76	0	2	1	3	14	1
GR Larsen (NZ)
1994-1996	8	13	4	127	26*	14.11	495	25.65	0	0	0	2	17	0
AD Mullally (ENG)
1996-1999	17	26	4	127	24	5.77	294	43.19	0	0	0	11	18	2
PJR Steyn (SA)
1995-1995	3	6	0	127	46	21.16	473	26.84	0	2	0	0	16	0
JB Commins (SA)
1994-1995	3	6	1	125	45	25.00	398	31.40	0	2	0	1	12	0
DA Reeve (ENG)
1992-1992	3	5	0	124	59	24.80	448	27.67	0	1	1	1	8	0
AH Omarshah (ZIM)
1992-1996	3	5	0	122	62	24.40	429	28.43	0	1	1	0	13	1
EA Brandes (ZIM)
1992-1999	10	15	3	121	39	10.08	335	36.11	0	1	0	2	11	3
CPH Ramanayake (SL)
1991-1993	14	17	6	116	34*	10.54	420	27.61	0	1	0	5	12	0
DH Brain (ZIM)
1992-1995	9	13	2	115	28	10.45	187	61.49	0	0	0	4	17	0
PJ Martin (ENG)
1995-1997	8	13	0	115	29	8.84	303	37.95	0	0	0	2	10	2
H Morris (ENG)
1991-1991	3	6	0	115	44	19.16	318	36.16	0	2	0	0	12	0
TR Gripper (ZIM)
1999-1999	4	8	0	114	60	14.25	459	24.83	0	1	1	1	13	0
AR Whittall (ZIM)
1996-1999	10	18	3	114	17	7.60	438	26.02	0	0	0	1	12	0
SJ Cook (SA)
1992-1993	3	6	0	107	43	17.83	373	28.68	0	2	0	1	10	0
GE Bradburn (NZ)
1990-1992	5	9	2	105	30*	15.00	364	28.84	0	1	0	0	11	0
GFJ Liebenberg (SA)
1998-1998	5	8	0	104	45	13.00	235	44.25	0	1	0	2	14	0
EE Hemmings (ENG)
1990-1991	7	7	1	103	51	17.16	260	39.61	0	1	1	3	13	1
Aaqib Javed (PAK)
1990-1998	21	27	7	101	28*	5.05	324	31.17	0	0	0	8	11	0
KR Pushpakumara (SL)
1994-1999	19	25	11	100	23	7.14	342	29.23	0	0	0	4	12	1
RK Chauhan (IND)
1993-1998	21	17	3	98	23	7.00	348	28.16	0	0	0	1	10	3
AC Cummins (WI)
1993-1994	5	6	1	98	50	19.60	233	42.06	0	1	1	1	9	0
MSK Prasad (IND)
1999-1999	5	8	1	98	19	14.00	326	30.06	0	0	0	0	5	0
AR Kapoor (IND)
1994-1996	4	6	1	97	42	19.40	181	53.59	0	1	0	0	8	2
CP Senanayake (SL)
1991-1991	3	5	0	97	64	19.40	134	72.38	0	1	1	1	14	0
RP Snell (SA)
1992-1994	5	8	1	95	48	13.57	200	47.50	0	1	0	1	14	0
SI de Saram (SL)
1999-1999	3	3	0	94	39	31.33	234	40.17	0	2	0	0	12	0
AS Wassan (IND)
1990-1990	4	5	1	94	53	23.50	133	70.67	0	1	1	1	9	0
Aamer Malik (PAK)
1990-1994	4	7	0	93	65	13.28	290	32.06	0	1	1	2	12	0
OD Gibson (WI)
1995-1999	2	4	0	93	37	23.25	174	53.44	0	1	0	0	14	0
Shadab Kabir (PAK)
1996-1996	3	5	0	89	35	17.80	332	26.80	0	2	0	0	11	0
MP Vaughan (ENG)
1999-1999	2	4	0	88	33	22.00	329	26.74	0	1	0	0	11	0
CE Eksteen (SA)
1993-1995	6	10	2	87	22	10.87	567	15.34	0	0	0	1	5	0
RC Irani (ENG)
1996-1999	3	5	0	86	41	17.20	168	51.19	0	2	0	0	11	0
MC Snedden (NZ)
1990-1990	7	8	3	85	23	17.00	372	22.84	0	0	0	1	9	0
M Dillon (WI)
1997-1999	7	13	1	84	36	7.00	144	58.33	0	1	0	6	12	2
DA Gunawardene (SL)
1999-1999	2	4	0	84	43	21.00	111	75.67	0	2	0	1	15	0
IT Botham (ENG)
1991-1992	5	7	1	81	31	13.50	216	37.50	0	1	0	0	9	0
DJ Capel (ENG)
1990-1990	4	7	1	81	40	13.50	248	32.66	0	1	0	0	6	0
CR Miller (AUS)
1998-1999	11	14	2	80	43	6.66	132	60.60	0	1	0	5	5	3
SD Anurasiri (SL)
1991-1998	14	17	3	78	24	5.57	376	20.74	0	0	0	3	5	0
MN Lathwell (ENG)
1993-1993	2	4	0	78	33	19.50	200	39.00	0	1	0	1	8	0
Imran Nazir (PAK)
1999-1999	1	2	0	77	64	38.50	119	64.70	0	1	1	0	12	1
GF Labrooy (SL)
1990-1991	4	6	1	77	70*	15.40	103+	74.75*	0	1	1	3	13	2
Ata-ur-Rehman (PAK)
1992-1996	13	15	6	76	19	8.44	193	39.37	0	0	0	3	8	1
JG Bracewell (NZ)
1990-1990	6	6	1	76	28	15.20	147	51.70	0	0	0	2	8	0
D Ganga (WI)
1998-1999	4	6	0	75	28	12.50	284	26.40	0	0	0	1	8	0
Tauseef Ahmed (PAK)
1990-1993	6	8	4	75	21*	18.75	336	22.32	0	0	0	2	6	0
JER Gallian (ENG)
1995-1995	3	6	0	74	28	12.33	309	23.94	0	0	0	2	8	0
AG Huckle (ZIM)
1997-1998	8	14	3	74	28*	6.72	197	37.56	0	0	0	7	10	0
MP Maynard (ENG)
1993-1994	3	6	0	74	35	12.33	149	49.66	0	1	0	2	10	0
NO Perry (WI)
1999-1999	4	7	1	74	26	12.33	180	41.11	0	0	0	2	8	0
Shakeel Ahmed jnr (PAK)
1993-1995	3	5	0	74	33	14.80	197	37.56	0	1	0	1	8	0
RJ Bailey (ENG)
1990-1990	3	6	0	73	42	12.16	164	44.51	0	1	0	2	5	0
HK Olonga (ZIM)
1995-1999	16	23	7	73	24	4.56	373	19.57	0	0	0	7	6	0
SP James (ENG)
1998-1998	2	4	0	71	36	17.75	283	25.08	0	1	0	1	6	0
JE Morris (ENG)
1990-1990	3	5	2	71	32	23.66	178	39.88	0	1	0	0	6	0
Shoaib Akhtar (PAK)
1997-1999	13	18	6	70	11	5.83	202	34.65	0	0	0	2	6	0
DNT Zoysa (SL)
1997-1999	8	10	1	70	16*	7.77	144	48.61	0	0	0	3	10	1
GJ Crocker (ZIM)
1992-1992	3	4	1	69	33	23.00	178	38.76	0	1	0	0	5	1
AC Waller (ZIM)
1996-1996	2	3	0	69	50	23.00	174	39.65	0	1	1	0	6	2
MW Pringle (SA)
1992-1995	4	6	2	67	33	16.75	101	66.33	0	1	0	0	5	2
PM Such (ENG)
1993-1999	11	16	5	67	14*	6.09	345	19.42	0	0	0	3	7	0
A Kuruvilla (IND)
1997-1997	10	11	1	66	35*	6.60	164	40.24	0	1	0	5	0	4
DK Liyanage (SL)
1992-1994	8	8	0	66	23	8.25	323	20.43	0	0	0	1	5	0
KSC de Silva (SL)
1997-1999	8	12	5	65	27	9.28	178	36.51	0	0	0	2	9	1
AJ Hollioake (ENG)
1997-1998	4	6	0	65	45	10.83	158	41.13	0	1	0	1	7	1
FL Reifer (WI)
1997-1999	4	8	0	63	29	7.87	216	29.16	0	0	0	3	8	0
CJ Adams (ENG)
1999-1999	3	5	0	62	25	12.40	168	36.90	0	0	0	0	8	0
JA Rennie (ZIM)
1993-1997	4	6	1	62	22	12.40	228	27.19	0	0	0	1	3	0
S Elworthy (SA)
1998-1999	2	3	1	61	48	30.50	79	77.21	0	1	0	0	8	0
WR James (ZIM)
1993-1994	4	4	0	61	33	15.25	154	39.61	0	1	0	0	7	0
SG Peall (ZIM)
1993-1994	4	6	2	60	30	15.00	116	51.72	0	1	0	2	9	0
MR Whitney (AUS)
1991-1992	8	12	6	60	13	10.00	229	26.20	0	0	0	1	3	0
PL Mhambrey (IND)
1996-1996	2	3	1	58	28	29.00	111	52.25	0	0	0	0	8	0
BP Patterson (WI)
1990-1992	11	17	5	57	15	4.75	213	26.76	0	0	0	4	6	0
Saleem Elahi (PAK)
1995-1997	4	7	0	57	17	8.14	145	39.31	0	0	0	2	6	0
HH Kanitkar (IND)
1999-1999	1	2	0	56	45	28.00	99	56.56	0	1	0	0	6	0
DV Lawrence (ENG)
1991-1992	4	5	0	56	34	11.20	133	42.10	0	1	0	0	7	0
MW Priest (NZ)
1990-1998	3	4	0	56	26	14.00	181	30.93	0	0	0	0	6	0
UDU Chandana (SL)
1999-1999	2	3	0	55	28	18.33	130	42.30	0	0	0	0	9	1
Shahid Nazir (PAK)
1996-1999	8	9	2	55	18	7.85	179	30.72	0	0	0	1	7	0
MG Burmester (ZIM)
1992-1992	3	4	2	54	30*	27.00	133	40.60	0	1	0	1	6	1
SG Law (AUS)
1995-1995	1	1	1	54	54*	-	118	45.76	0	1	1	0	1	0
HH Dippenaar (SA)
1999-1999	2	2	0	53	33	26.50	148	35.81	0	1	0	0	6	0
O Henry (SA)
1992-1993	3	3	0	53	34	17.66	173	30.63	0	1	0	0	5	1
MRCN Bandaratilleke (SL)
1998-1999	4	6	0	52	20	8.66	173	30.05	0	0	0	1	5	0
PJ Wiseman (NZ)
1998-1999	8	12	3	48	23	5.33	225	21.33	0	0	0	4	3	0
AJ Bichel (AUS)
1997-1998	3	5	0	47	18	9.40	110	42.72	0	0	0	1	5	0
W Watson (NZ)
1990-1993	12	15	5	47	11	4.70	203	23.15	0	0	0	3	5	0
RP de Groen (NZ)
1993-1994	5	10	4	45	26	7.50	90	50.00	0	0	0	1	6	0
MM Patel (ENG)
1996-1996	2	2	0	45	27	22.50	112	40.17	0	0	0	0	4	0
BC Hollioake (ENG)
1997-1998	2	4	0	44	28	11.00	118	37.28	0	0	0	1	6	0
DL Maddy (ENG)
1999-1999	2	3	0	43	24	14.33	184	23.36	0	0	0	0	4	0
ASA Perera (SL)
1998-1998	1	1	1	43	43*	-	77	55.84	0	1	0	0	6	1
MAR Samarasekera (SL)
1990-1991	2	4	0	43	19	10.75	47+	53.19*	0	0	0	0	4+	0
TM Alderman (AUS)
1990-1991	8	11	4	40	26*	5.71	154	25.97	0	0	0	3	3	0
PJ Newport (ENG)
1991-1991	1	2	1	40	40*	40.00	56	71.42	0	1	0	1	6	0
GK Bruk-Jackson (ZIM)
1993-1993	2	4	0	39	31	9.75	102	38.23	0	1	0	1	6	0
EAR de Silva (SL)
1991-1991	3	5	1	39	26	9.75	187	20.85	0	0	0	2	4	0
Masood Anwar (PAK)
1990-1990	1	2	0	39	37	19.50	161	24.22	0	1	0	0	1	0
SB O'Connor (NZ)
1997-1999	10	16	7	39	7	4.33	218	17.88	0	0	0	1	2	0
CMW Read (ENG)
1999-1999	3	4	0	38	37	9.50	119	31.93	0	1	0	2	4	0
SK Sharma (IND)
1990-1990	1	2	0	38	38	19.00	28	135.71	0	1	0	1	7	0
NF Williams (ENG)
1990-1990	1	1	0	38	38	38.00	52	73.07	0	1	0	0	6	0
SKL de Silva (SL)
1997-1997	3	4	2	36	20*	18.00	153	23.52	0	0	0	1	3	0
NA Foster (ENG)
1993-1993	1	2	0	36	20	18.00	131	27.48	0	0	0	0	4	0
Mohammad Ramzan (PAK)
1997-1997	1	2	0	36	29	18.00	141	25.53	0	0	0	0	4	0
KPJ Warnaweera (SL)
1990-1994	9	10	3	36	20	5.14	71+	50.70*	0	0	0	2	4	0
J Angel (AUS)
1993-1995	4	7	1	35	11	5.83	122	28.68	0	0	0	2	6	0
EA Moseley (WI)
1990-1990	2	4	0	35	26	8.75	60	58.33	0	0	0	1	5	0
AP Kuiper (SA)
1992-1992	1	2	0	34	34	17.00	175	19.42	0	1	0	1	4	0
Nadeem Khan (PAK)
1993-1999	2	3	1	34	25	17.00	102	33.33	0	0	0	0	1	0
JP Taylor (ENG)
1993-1994	2	4	2	34	17*	17.00	182	18.68	0	0	0	1	3	0
Naved Anjum (PAK)
1990-1990	1	2	0	32	22	16.00	56	57.14	0	0	0	0	3	0
Naved Ashraf (PAK)
1998-1998	1	1	0	32	32	32.00	90	35.55	0	1	0	0	4	0
Aamer Nazir (PAK)
1993-1995	6	11	6	31	11	6.20	138	22.46	0	0	0	2	4	0
AIC Dodemaide (AUS)
1992-1992	2	3	3	31	16*	-	135	22.96	0	0	0	0	1	0
Harbhajan Singh (IND)
1998-1999	8	11	6	31	15*	6.20	88	35.22	0	0	0	2	4	0
CS Pandit (IND)
1992-1992	2	3	0	31	15	10.33	94	32.97	0	0	0	0	1	0
DJ White (NZ)
1990-1990	2	4	0	31	18	7.75	93	33.33	0	0	0	0	3	0
Hasan Raza (PAK)
1996-1998	2	2	0	30	27	15.00	74	40.54	0	0	0	0	5	0
WK Hegg (ENG)
1998-1999	2	4	0	30	15	7.50	86	34.88	0	0	0	0	1	0
RL Powell (WI)
1999-1999	1	2	0	30	30	15.00	37	81.08	0	1	0	1	7	0
V Yadav (IND)
1993-1993	1	1	0	30	30	30.00	25	120.00	0	1	0	0	3	2
Zahoor Elahi (PAK)
1996-1996	2	3	0	30	22	10.00	77	38.96	0	0	0	0	4	1
Ijaz Ahmed jnr (PAK)
1995-1995	2	3	0	29	16	9.66	102	28.43	0	0	0	0	4	0
AB Agarkar (IND)
1998-1999	3	6	0	28	19	4.66	96	29.16	0	0	0	3	5	0
ND Hirwani (IND)
1990-1996	10	13	8	28	15*	5.60	72+	38.88*	0	0	0	4	3	0
MC Ilott (ENG)
1993-1995	5	6	2	28	15	7.00	131	21.37	0	0	0	0	4	0
RJ Kennedy (NZ)
1996-1996	4	5	1	28	22	7.00	46	60.86	0	0	0	2	4	0
GI Allott (NZ)
1996-1999	10	15	7	27	8*	3.37	269	10.03	0	0	0	4	1	0
B Lee (AUS)
1999-1999	1	1	0	27	27	27.00	55	49.09	0	0	0	0	1	0
D Ramnarine (WI)
1998-1999	3	4	0	27	19	6.75	118	22.88	0	0	0	2	2	0
RR Singh (IND)
1998-1998	1	2	0	27	15	13.50	54	50.00	0	0	0	0	4	0
MP Bicknell (ENG)
1993-1993	2	4	0	26	14	6.50	94	27.65	0	0	0	2	3	0
A Habib (ENG)
1999-1999	2	3	0	26	19	8.66	140	18.57	0	0	0	0	4	0
DSBP Kuruppu (SL)
1991-1991	1	2	0	26	21	13.00	87	29.88	0	0	0	0	4	0
RN Lewis (WI)
1997-1998	3	6	0	26	12	4.33	97	26.80	0	0	0	3	3	0
Atif Rauf (PAK)
1994-1994	1	2	0	25	16	12.50	89	28.08	0	0	0	0	2	0
CN Evans (ZIM)
1996-1998	2	4	0	25	11	6.25	81	30.86	0	0	0	0	4	0
D Ganesh (IND)
1997-1997	4	7	3	25	8	6.25	122	20.49	0	0	0	0	1	0
TA Munton (ENG)
1992-1992	2	2	1	25	25*	25.00	78	32.05	0	0	0	1	3	0
SL Watkin (ENG)
1991-1993	3	5	0	25	13	5.00	82	30.48	0	0	0	1	3	0
Kabir Khan (PAK)
1994-1995	4	5	2	24	10	8.00	90	26.66	0	0	0	1	3	0
IP Butchart (ZIM)
1995-1995	1	2	0	23	15	11.50	73	31.50	0	0	0	0	3	0
PW Jarvis (ENG)
1993-1993	3	6	0	23	8	3.83	103	22.33	0	0	0	1	2	0
PR Sleep (AUS)
1990-1990	1	2	0	23	23	11.50	75	30.66	0	0	0	1	0	0
PE McIntyre (AUS)
1995-1996	2	4	1	22	16	7.33	93	23.65	0	0	0	2	3	0
WN Phillips (AUS)
1992-1992	1	2	0	22	14	11.00	81	27.16	0	0	0	0	3	0
R Vijay Bharadwaj (IND)
1999-1999	2	2	0	22	22	11.00	110	20.00	0	0	0	1	1	0
MJ McCague (ENG)
1993-1994	3	5	0	21	11	4.20	70	30.00	0	0	0	2	3	0
HT Davis (NZ)
1994-1997	5	7	4	20	8*	6.66	125	16.00	0	0	0	0	1	0
M Mbangwa (ZIM)
1996-1999	11	19	6	20	4	1.53	147	13.60	0	0	0	7	1	0
Saleem Jaffar (PAK)
1990-1992	4	4	2	20	10*	10.00	98	20.40	0	0	0	1	0	0
Mansoor Akhtar (PAK)
1990-1990	1	2	0	19	14	9.50	68	27.94	0	0	0	0	1	0
Gursharan Singh (IND)
1990-1990	1	1	0	18	18	18.00	38	47.36	0	0	0	0	2	0
MAWR Madurasinghe (SL)
1990-1992	2	4	1	18	11	6.00	17+	29.41*	0	0	0	1	1+	0
Mohammad Akram (PAK)
1995-1999	7	11	4	18	10*	2.57	74	24.32	0	0	0	4	1	0
Mohammad Hussain (PAK)
1996-1998	2	3	0	18	17	6.00	37	48.64	0	0	0	1	3	0
BA Reid (AUS)
1990-1992	9	12	4	18	5*	2.25	123	14.63	0	0	0	5	0	0
GA Briant (ZIM)
1993-1993	1	2	0	17	16	8.50	51	33.33	0	0	0	0	1	0
CD Collymore (WI)
1999-1999	1	2	1	17	11*	17.00	60	28.33	0	0	0	0	2	0
R Dhanraj (WI)
1994-1996	4	4	0	17	9	4.25	124	13.70	0	0	0	0	1	0
AF Giles (ENG)
1998-1998	1	2	1	17	16*	17.00	53	32.07	0	0	0	0	1	0
EZ Matambanadzo (ZIM)
1996-1999	3	5	1	17	7	4.25	93	18.27	0	0	0	1	1	0
CG Rackemann (AUS)
1990-1991	5	6	2	17	9	4.25	143	11.88	0	0	0	1	0	0
PIC Thompson (WI)
1996-1997	2	3	1	17	10*	8.50	34	50.00	0	0	0	0	2	1
TN Madondo (ZIM)
1998-1998	2	3	0	16	14	5.33	75	21.33	0	0	0	1	2	0
MB Owens (NZ)
1992-1994	8	12	6	16	8*	2.66	131	12.21	0	0	0	5	2	0
Fazl-e-Akbar (PAK)
1998-1999	2	3	2	15	15*	15.00	40	37.50	0	0	0	1	2	0
AGD Wickremasinghe (SL)
1992-1992	2	2	1	15	13*	15.00	20	75.00	0	0	0	0	2	0
Arshad Khan (PAK)
1997-1999	3	3	0	14	7	4.66	50	28.00	0	0	0	0	1	0
Azam Khan (PAK)
1996-1996	1	1	0	14	14	14.00	22	63.63	0	0	0	0	1	0
PT Collins (WI)
1999-1999	3	5	0	14	13	2.80	76	18.42	0	0	0	3	2	0
Manzoor Elahi (PAK)
1995-1995	2	4	1	14	13	4.66	34	41.17	0	0	0	2	2	0
MJ Nicholson (AUS)
1998-1998	1	2	0	14	9	7.00	47	29.78	0	0	0	0	0	0
DJ Terbrugge (SA)
1998-1999	4	5	5	14	4*	-	70	20.00	0	0	0	0	0	0
KIW Wijegunawardene (SL)
1991-1992	2	4	1	14	6*	4.66	53	26.41	0	0	0	0	1	0
Abdul Razzaq (PAK)
1999-1999	1	2	0	13	11	6.50	62	20.96	0	0	0	0	2	0
S Ragoonath (WI)
1999-1999	2	4	1	13	9	4.33	42	30.95	0	0	0	1	1	0
PA Horne (NZ)
1990-1990	1	2	0	12	12	6.00	42	28.57	0	0	0	1	1	0
SJE Brown (ENG)
1996-1996	1	2	1	11	10*	11.00	44	25.00	0	0	0	0	2	0
AJ Traicos (ZIM)
1992-1993	4	6	2	11	5	2.75	69	15.94	0	0	0	1	2	0
AM de Silva (SL)
1993-1993	3	3	0	10	9	3.33	46	21.73	0	0	0	1	1	0
M Hayward (SA)
1999-1999	2	2	2	10	10*	-	27	37.03	0	0	0	0	2	0
PK Wijetunge (SL)
1993-1993	1	2	0	10	10	5.00	15	66.66	0	0	0	1	2	0
EAE Baptiste (WI)
1990-1990	1	1	0	9	9	9.00	23	39.13	0	0	0	0	0	0
JJ Crowe (NZ)
1990-1990	1	1	0	9	9	9.00	44	20.45	0	0	0	0	1	0
M Ntini (SA)
1998-1998	4	5	4	9	4*	9.00	33	27.27	0	0	0	1	1	0
BN Schultz (SA)
1992-1997	9	8	2	9	6	1.50	58	15.51	0	0	0	3	1	0
MRJ Veletta (AUS)
1990-1990	1	1	0	9	9	9.00	46	19.56	0	0	0	0	0	0
PA Emery (AUS)
1994-1994	1	1	1	8	8*	-	26	30.76	0	0	0	0	1	0
DJ Johnson (IND)
1996-1996	2	3	1	8	5	4.00	35	22.85	0	0	0	0	1	0
ACI Lock (ZIM)
1995-1995	1	2	1	8	8*	8.00	33	24.24	0	0	0	1	2	0
NA Mallender (ENG)
1992-1992	2	3	0	8	4	2.66	22	36.36	0	0	0	0	0	0
U Ranchod (ZIM)
1993-1993	1	2	0	8	7	4.00	29	27.58	0	0	0	0	1	0
KP Walmsley (NZ)
1995-1995	2	3	0	8	4	2.66	13	61.53	0	0	0	1	2	0
Abdul Qadir (PAK)
1990-1990	4	3	1	7	6*	3.50	17	41.17	0	0	0	1	1	0
RJ Blakey (ENG)
1993-1993	2	4	0	7	6	1.75	42	16.66	0	0	0	2	1	0
SD Jack (SA)
1994-1995	2	2	0	7	7	3.50	34	20.58	0	0	0	1	0	0
RD King (WI)
1999-1999	3	6	2	7	4*	1.75	52	13.46	0	0	0	3	1	0
Mohammad Zahid (PAK)
1996-1998	4	4	1	7	6*	2.33	80	8.75	0	0	0	2	1	0
CE Cuffy (WI)
1994-1997	3	5	2	6	3*	2.00	29	20.68	0	0	0	1	0	0
AC Dale (AUS)
1998-1999	2	3	0	6	5	2.00	19	31.57	0	0	0	1	0	0
Mohsin Kamal (PAK)
1994-1994	2	4	2	6	4	3.00	31	19.35	0	0	0	0	1	0
SA Muller (AUS)
1999-1999	2	2	2	6	6*	-	18	33.33	0	0	0	0	1	0
RW Price (ZIM)
1999-1999	1	2	0	6	4	3.00	75	8.00	0	0	0	0	1	0
MW Rushmere (SA)
1992-1992	1	2	0	6	3	3.00	56	10.71	0	0	0	0	0	0
KJ Silva (SL)
1995-1998	7	4	1	6	6*	2.00	28	21.42	0	0	0	3	1	0
CEW Silverwood (ENG)
1996-1999	3	3	0	6	6	2.00	44	13.63	0	0	0	2	1	0
KEA Upashantha (SL)
1999-1999	1	1	0	6	6	6.00	17	35.29	0	0	0	0	1	0
IBA Allen (WI)
1991-1991	2	2	2	5	4*	-	15	33.33	0	0	0	0	1	0
T Bosch (SA)
1992-1992	1	2	2	5	5*	-	10	50.00	0	0	0	0	1	0
GB Hogg (AUS)
1996-1996	1	2	0	5	4	2.50	41	12.19	0	0	0	0	0	0
GD Campbell (AUS)
1990-1990	2	3	0	4	4	1.33	26	15.38	0	0	0	2	0	0
MJ Haslam (NZ)
1992-1995	4	2	1	4	3	4.00	35	11.42	0	0	0	0	0	0
AP Igglesden (ENG)
1994-1994	2	4	2	4	3*	2.00	31	12.90	0	0	0	2	0	0
MP Jarvis (ZIM)
1992-1994	5	3	1	4	2*	2.00	15	26.66	0	0	0	1	0	0
GR Loveridge (NZ)
1996-1996	1	1	1	4	4*	-	22	18.18	0	0	0	0	1	0
AM Smith (ENG)
1997-1997	1	2	1	4	4*	4.00	6	66.66	0	0	0	1	1	0
S Young (AUS)
1997-1997	1	2	1	4	4*	4.00	27	14.81	0	0	0	1	1	0
ST Banerjee (IND)
1992-1992	1	1	0	3	3	3.00	7	42.85	0	0	0	0	0	0
GB Brent (ZIM)
1999-1999	2	3	0	3	3	1.00	45	6.66	0	0	0	2	0	0
SH Cook (AUS)
1997-1997	2	2	2	3	3*	-	18	16.66	0	0	0	0	0	0
IS Gallage (SL)
1999-1999	1	1	0	3	3	3.00	33	9.09	0	0	0	0	0	0
RA Harper (WI)
1993-1993	1	1	0	3	3	3.00	16	18.75	0	0	0	0	0	0
HMRKB Herath (SL)
1999-1999	2	1	0	3	3	3.00	23	13.04	0	0	0	0	0	0
AP Wells (ENG)
1995-1995	1	2	1	3	3*	3.00	40	7.50	0	0	0	1	0	0
Ashfaq Ahmed (PAK)
1993-1993	1	2	1	1	1*	1.00	5	20.00	0	0	0	1	0	0
NM Kulkarni (IND)
1997-1997	2	1	1	1	1*	-	4	25.00	0	0	0	0	0	0
PDRL Perera (SL)
1999-1999	1	1	1	1	1*	-	9	11.11	0	0	0	0	0	0
DG Sewell (NZ)
1997-1997	1	1	1	1	1*	-	17	5.88	0	0	0	0	0	0
Shakeel Ahmed snr (PAK)
1998-1998	1	1	0	1	1	1.00	36	2.77	0	0	0	0	0	0
HMCM Bandara (SL)
1998-1998	1	2	1	0	0*	0.00	8	0.00	0	0	0	1	0	0
JE Benjamin (ENG)
1994-1994	1	1	0	0	0	0.00	7	0.00	0	0	0	1	0	0
ESH Giddins (ENG)
1999-1999	1	2	1	0	0*	0.00	4	0.00	0	0	0	1	0	0
GM Hamilton (ENG)
1999-1999	1	2	0	0	0	0.00	9	0.00	0	0	0	2	0	0
Harvinder Singh (IND)
1998-1998	2	3	1	0	0*	0.00	21	0.00	0	0	0	2	0	0
DS Mohanty (IND)
1997-1997	2	1	1	0	0*	-	8	0.00	0	0	0	0	0	0
Nadeem Ghauri (PAK)
1990-1990	1	1	0	0	0	0.00	2	0.00	0	0	0	1	0	0
LA Roberts (WI)
1999-1999	1	1	0	0	0	0.00	7	0.00	0	0	0	1	0	0
G Sharma (IND)
1990-1990	1	1	0	0	0	0.00	-	-	0	0	0	1	0	0
R Singh (IND)
1999-1999	1	1	0	0	0	0.00	2	0.00	0	0	0	1	0	0
DP Viljoen (ZIM)
1998-1998	1	2	0	0	0	0.00	8	0.00	0	0	0	2	0	0
P Wilson (AUS)
1998-1998	1	2	2	0	0*	-	4	0.00	0	0	0	0	0	0
Ali Hussain Rizvi (PAK)
1997-1997	1	0	0	0	-	-	0	-	0	0	0	0	0	0
Maninder Singh (IND)
1993-1993	1	0	0	0	-	-	0	-	0	0	0	0	0	0
A Nehra (IND)
1999-1999	1	0	0	0	-	-	0	-	0	0	0	0	0	0

# ============ BOWLING ============
SK Warne (AUS)
1992-1999	80	146	22576	3762.4	6	1157	9009	351	8/71	12/128	25.66	2.39	64.31	70	23	16	4
CEL Ambrose (WI)
1990-1999	71	128	16148	2691.2	6	728	6224	309	8/45	11/84	20.14	2.31	52.25	51	13	21	3
CA Walsh (WI)
1990-1999	78	143	18079	3013.1	6	624	7895	304	7/37	13/55	25.97	2.62	59.47	54	18	13	1
Wasim Akram (PAK)
1990-1999	62	111	14134	2355.4	6	529	6200	289	7/119	11/160	21.45	2.63	48.90	58	15	17	3
AA Donald (SA)
1992-1999	59	105	12996	2166.0	6	544	6200	284	8/71	12/139	21.83	2.86	45.76	54	8	19	3
Waqar Younis (PAK)
1990-1999	56	101	11179	1863.1	6	375	5927	273	7/76	13/135	21.71	3.18	40.94	51	18	21	5
GD McGrath (AUS)
1993-1999	58	112	13956	2326.0	6	642	6086	266	8/38	10/78	22.87	2.61	52.46	50	12	15	1
A Kumble (IND)
1990-1999	58	103	18203	3033.5	6	786	7341	264	10/74	14/149	27.80	2.41	68.95	52	13	15	3
M Muralidaran (SL)
1992-1999	48	74	14882	2480.2	6	626	6140	227	9/65	16/220	27.04	2.47	65.55	46	14	17	2
CJ McDermott (AUS)
1991-1996	47	85	11559	1926.3	6	446	5597	211	8/97	11/157	26.52	2.90	54.78	40	12	11	2
Mushtaq Ahmed (PAK)
1990-1999	43	73	10792	1798.4	6	362	5152	172	7/56	10/106	29.95	2.86	62.74	32	6	10	3
ARC Fraser (ENG)
1990-1998	43	74	10010	1668.2	6	409	4513	168	8/53	11/110	26.86	2.70	59.58	27	4	13	2
J Srinath (IND)
1991-1999	43	79	10178	1696.2	6	382	4892	162	8/86	13/132	30.19	2.88	62.82	29	6	6	1
SM Pollock (SA)
1995-1999	38	67	8470	1411.4	6	407	3294	161	7/87	9/103	20.45	2.33	52.60	27	6	10	0
CL Cairns (NZ)
1991-1999	43	70	8188	1364.4	6	307	4335	150	7/27	10/100	28.90	3.17	54.58	27	9	9	1
IR Bishop (WI)
1990-1998	39	69	7585	1264.1	6	250	3539	145	6/40	8/57	24.40	2.79	52.31	27	5	5	0
MG Hughes (AUS)
1990-1994	33	61	7789	1298.1	6	327	3685	140	5/64	8/151	26.32	2.83	55.63	32	12	3	0
DK Morrison (NZ)
1990-1997	39	63	8389	1398.1	6	265	4600	139	7/89	8/83	33.09	3.29	60.35	25	7	9	0
D Gough (ENG)
1994-1999	34	56	7380	1230.0	6	242	3925	135	6/42	9/92	29.07	3.19	54.66	26	9	6	0
DE Malcolm (ENG)
1990-1997	39	71	8216	1369.2	6	251	4582	127	9/57	10/137	36.07	3.34	64.69	22	7	5	2
PCR Tufnell (ENG)
1990-1999	40	68	10816	1802.4	6	493	4289	119	7/47	11/93	36.04	2.37	90.89	17	6	5	2
PAJ DeFreitas (ENG)
1990-1995	31	56	7119	1186.3	6	270	3404	114	7/70	9/165	29.85	2.86	62.44	20	8	3	0
HH Streak (ZIM)
1993-1999	27	48	6165	1027.3	6	255	2726	111	6/90	9/105	24.55	2.65	55.54	21	9	4	0
WPUJC Vaas (SL)
1994-1999	34	53	7351	1225.1	6	269	3166	108	6/87	10/90	29.31	2.58	68.06	19	9	4	1
Saqlain Mushtaq (PAK)
1995-1999	24	42	6958	1159.4	6	281	3119	107	6/46	10/187	29.14	2.68	65.02	19	5	9	2
AR Caddick (ENG)
1993-1999	28	48	6465	1077.3	6	251	3132	106	7/46	8/89	29.54	2.90	60.99	21	2	7	0
PR Reiffel (AUS)
1992-1998	35	67	6403	1067.1	6	279	2804	104	6/71	8/152	26.96	2.62	61.56	15	3	5	0
DG Cork (ENG)
1995-1998	27	45	5963	993.5	6	193	3118	98	7/43	9/162	31.81	3.13	60.84	17	7	5	0
SB Doull (NZ)
1992-1999	30	47	5765	960.5	6	239	2730	97	7/65	9/114	28.14	2.84	59.43	16	4	6	0
CC Lewis (ENG)
1990-1996	32	55	6852	1142.0	6	220	3490	93	6/111	7/114	37.52	3.05	73.67	15	3	3	0
KCG Benjamin (WI)
1992-1998	26	48	5132	855.2	6	158	2785	92	6/66	10/174	30.27	3.25	55.78	16	4	4	1
DJ Nash (NZ)
1992-1999	30	50	5809	968.1	6	286	2503	92	6/27	11/169	27.20	2.58	63.14	15	5	3	1
SLV Raju (IND)
1990-1998	27	49	7392	1232.0	6	357	2741	92	6/12	11/125	29.79	2.22	80.34	15	1	5	1
DL Vettori (NZ)
1997-1999	28	47	7485	1247.3	6	354	3161	91	6/64	9/130	34.73	2.53	82.25	14	7	3	0
PR Adams (SA)
1995-1999	28	47	5698	949.4	6	249	2560	86	6/55	8/139	29.76	2.69	66.25	14	4	1	0
CL Hooper (WI)
1990-1999	64	90	9267	1544.3	6	354	3851	86	5/26	7/178	44.77	2.49	107.75	11	1	4	0
PS de Villiers (SA)
1993-1998	18	34	4805	800.5	6	221	2063	85	6/23	10/108	24.27	2.57	56.52	14	6	5	2
BKV Prasad (IND)
1996-1999	28	51	6093	1015.3	6	236	2864	84	6/33	10/153	34.09	2.82	72.53	11	1	6	1
M Prabhakar (IND)
1990-1995	33	60	6213	1035.3	6	244	2937	79	5/101	6/92	37.17	2.83	78.64	12	4	1	0
N Kapil Dev (IND)
1990-1994	28	53	6088	1014.4	6	275	2418	75	5/97	8/163	32.24	2.38	81.17	10	2	2	0
BM McMillan (SA)
1992-1998	38	64	6048	1008.0	6	255	2537	75	4/65	7/117	33.82	2.51	80.64	12	2	0	0
GP Wickramasinghe (SL)
1991-1999	36	56	6550	1091.4	6	218	3202	75	6/60	6/80	42.69	2.93	87.33	9	1	3	0
DN Patel (NZ)
1990-1997	29	46	6167	1027.5	6	236	2944	74	6/50	8/131	39.78	2.86	83.33	8	3	3	0
DW Fleming (AUS)
1994-1999	18	34	3793	632.1	6	140	1772	73	5/30	9/91	24.27	2.80	51.95	12	3	3	0
DW Headley (ENG)
1997-1999	15	23	3026	504.2	6	82	1671	60	6/60	8/102	27.85	3.31	50.43	13	7	1	0
SCG MacGill (AUS)
1998-1999	12	21	2811	468.3	6	94	1376	59	7/50	12/107	23.32	2.93	47.64	13	3	3	1
PA Strang (ZIM)
1994-1998	20	32	4855	809.1	6	182	2154	57	5/106	7/186	37.78	2.66	85.17	11	3	3	0
Aaqib Javed (PAK)
1990-1998	21	35	3636	606.0	6	130	1714	54	5/84	8/118	31.74	2.82	67.33	8	2	1	0
AD Mullally (ENG)
1996-1999	17	31	4198	699.4	6	193	1671	54	5/105	5/84	30.94	2.38	77.74	8	0	1	0
JH Kallis (SA)
1995-1999	32	47	3798	633.0	6	202	1508	53	5/90	7/112	28.45	2.38	71.66	6
L Klusener (SA)
1996-1999	25	46	4279	713.1	6	184	1996	52	8/64	8/139	38.38	2.79	82.28	6	2	1	0
CR Matthews (SA)
1992-1995	18	33	3980	663.2	6	231	1502	52	5/42	8/140	28.88	2.26	76.53	9	1	2	0
KR Pushpakumara (SL)
1994-1999	19	31	3181	530.1	6	73	1932	52	7/116	7/116	37.15	3.64	61.17	7	1	4	0
BA Reid (AUS)
1990-1992	9	15	2193	365.3	6	86	948	51	7/51	13/148	18.58	2.59	43.00	8	2	5	2
HDPK Dharmasena (SL)
1993-1998	20	33	4749	791.3	6	193	1893	50	6/72	8/183	37.86	2.39	94.98	6	1	3	0
JN Gillespie (AUS)
1996-1999	14	24	2226	371.0	6	106	1108	50	7/37	9/102	22.16	2.98	44.52	10	1	3	0
MD Marshall (WI)
1990-1991	15	27	2717	452.5	6	91	1177	50	4/24	6/86	23.54	2.59	54.34	9	2	0	0
TBA May (AUS)
1993-1995	17	33	4580	763.2	6	234	1711	50	5/9	7/50	34.22	2.24	91.60	6	2	3	0
ME Waugh (AUS)
1991-1999	99	105	4062	677.0	6	148	1984	50	5/40	5/73	39.68	2.93	81.24	2	1	1	0
RK Chauhan (IND)
1993-1998	21	34	4749	791.3	6	238	1857	47	4/48	7/107	39.51	2.34	101.04	8	1	0	0
SR Waugh (AUS)
1990-1999	89	78	3513	585.3	6	170	1374	47	5/28	5/48	29.23	2.34	74.74	5	2	1	0
MS Kasprowicz (AUS)
1996-1999	16	30	3050	508.2	6	112	1561	45	7/36	8/92	34.68	3.07	67.77	7	2	2	0
BC Strang (ZIM)
1995-1999	19	32	3801	633.3	6	215	1511	45	5/101	5/50	33.57	2.38	84.46	10	0	1	0
GJ Whittall (ZIM)
1993-1999	31	41	3812	635.2	6	162	1706	42	4/18	5/107	40.61	2.68	90.76	6	3	0	0
HK Olonga (ZIM)
1995-1999	16	24	2397	399.3	6	72	1302	41	5/70	6/89	31.75	3.25	58.46	8	3	1	0
CPH Ramanayake (SL)
1991-1993	14	23	2980	496.4	6	99	1484	38	5/82	8/157	39.05	2.98	78.42	6	0	1	0
WJ Cronje (SA)
1992-1999	64	79	3548	591.2	6	226	1185	37	3/14	5/34	32.02	2.00	95.89	3	0	0	0
FA Rose (WI)
1997-1999	13	20	2086	347.4	6	60	1097	37	7/84	7/96	29.64	3.15	56.37	8	1	2	0
BN Schultz (SA)
1992-1997	9	14	1733	288.5	6	82	749	37	5/48	9/106	20.24	2.59	46.83	6	4	2	0
PM Such (ENG)
1993-1999	11	20	3124	520.4	6	135	1242	37	6/67	8/145	33.56	2.38	84.43	5	1	2	0
PL Symcox (SA)
1993-1998	20	34	3561	593.3	6	135	1603	37	4/69	5/159	43.32	2.70	96.24	4	1	0	0
SD Anurasiri (SL)
1991-1998	14	22	3487	581.1	6	124	1389	36	4/127	5/149	38.58	2.39	96.86	6	1	0	0
RDB Croft (ENG)
1996-1998	15	22	3479	579.5	6	150	1380	36	5/95	7/143	38.33	2.37	96.63	7	0	1	0
ML Su'a (NZ)
1992-1995	13	22	2843	473.5	6	92	1377	36	5/73	7/120	38.25	2.90	78.97	3	0	2	0
W Watson (NZ)
1990-1993	12	20	2827	471.1	6	157	1073	36	6/78	6/90	29.80	2.27	78.52	7	1	1	0
WKM Benjamin (WI)
1993-1995	13	21	2446	407.4	6	98	1084	35	4/46	5/51	30.97	2.65	69.88	7	1	0	0
Sir RJ Hadlee (NZ)
1990-1990	7	12	1686	281.0	6	56	812	35	5/39	8/150	23.20	2.88	48.17	8	2	2	0
TM Alderman (AUS)
1990-1991	8	15	1807	301.1	6	76	806	34	6/47	8/91	23.70	2.67	53.14	7	1	3	0
BP Patterson (WI)
1990-1992	11	21	1983	330.3	6	47	1115	34	5/81	6/120	32.79	3.37	58.32	5	2	2	0
Shoaib Akhtar (PAK)
1997-1999	13	25	2429	404.5	6	62	1375	34	5/43	8/118	40.44	3.39	71.44	4	3	1	0
Ata-ur-Rehman (PAK)
1992-1996	13	22	1973	328.5	6	62	1071	31	4/50	4/83	34.54	3.25	63.64	4	1	0	0
Azhar Mahmood (PAK)
1997-1999	18	31	2652	442.0	6	92	1233	31	4/53	5/95	39.77	2.78	85.54	4	1	0	0
CR Miller (AUS)
1998-1999	11	20	2229	371.3	6	90	928	31	4/62	7/110	29.93	2.49	71.90	5	1	0	0
GC Small (ENG)
1990-1991	11	20	2484	414.0	6	93	1219	31	4/58	8/183	39.32	2.94	80.12	4	3	0	0
KPJ Warnaweera (SL)
1990-1994	9	14	2282	380.2	6	88	995	31	4/25	8/188	32.09	2.61	73.61	6	3	0	0
DH Brain (ZIM)
1992-1995	9	16	1810	301.4	6	54	915	30	5/42	6/70	30.50	3.03	60.33	4	1	1	0
C Pringle (NZ)
1990-1995	14	22	2985	497.3	6	113	1389	30	7/52	11/152	46.30	2.79	99.50	4	1	1	1
MG Bevan (AUS)
1994-1998	18	21	1285	214.1	6	30	703	29	6/82	10/113	24.24	3.28	44.31	5	2	1	1
MN Hart (NZ)
1994-1995	14	22	3086	514.2	6	127	1438	29	5/77	8/134	49.58	2.79	106.41	4	0	1	0
ST Jayasuriya (SL)
1991-1999	44	50	2866	477.4	6	105	1263	29	4/40	4/47	43.55	2.64	98.82	3	2	0	0
M Mbangwa (ZIM)
1996-1999	11	17	1928	321.2	6	107	756	28	3/23	6/63	27.00	2.35	68.85	4	0	0	0
EE Hemmings (ENG)
1990-1991	7	12	1907	317.5	6	86	868	27	6/58	7/101	32.14	2.73	70.62	4	0	1	0
SB Joshi (IND)
1996-1999	12	20	2248	374.4	6	103	895	27	4/43	6/136	33.14	2.38	83.25	5	1	0	0
EA Brandes (ZIM)
1992-1999	10	18	1996	332.4	6	69	951	26	3/45	6/153	36.57	2.85	76.76	5	0	0	0
AG Huckle (ZIM)
1997-1998	8	13	1568	261.2	6	48	872	25	6/109	11/255	34.88	3.33	62.72	4	0	2	1
A Kuruvilla (IND)
1997-1997	10	15	1765	294.1	6	59	892	25	5/68	6/117	35.68	3.03	70.60	3	1	1	0
ND Hirwani (IND)
1990-1996	10	15	2478	413.0	6	94	1117	24	6/59	6/59	46.54	2.70	103.25	3	1	1	0
GR Larsen (NZ)
1994-1996	8	14	1967	327.5	6	109	689	24	3/57	5/88	28.70	2.10	81.95	3	0	0	0
SB O'Connor (NZ)
1997-1999	10	18	1844	307.2	6	64	965	24	4/52	4/91	40.20	3.13	76.83	5	1	0	0
RJ Ratnayake (SL)
1990-1992	8	13	1808	301.2	6	47	862	24	5/69	6/147	35.91	2.86	75.33	5	1	2	0
PA de Silva (SL)
1990-1999	62	43	1849	308.1	6	50	878	23	3/30	3/34	38.17	2.84	80.39	3	0	0	0
NJ Astle (NZ)
1996-1999	34	43	2430	405.0	6	113	1013	22	2/26	3/71	46.04	2.50	110.45	0	0	0	0
GA Hick (ENG)
1991-1999	54	56	2985	497.3	6	128	1256	22	4/126	5/28	57.09	2.52	135.68	2	1	0	0
GRJ Matthews (AUS)
1990-1993	12	19	2771	461.5	6	117	1235	22	4/76	7/169	56.13	2.67	125.95	4	1	0	0
DR Pringle (ENG)
1991-1992	9	15	1537	256.1	6	59	711	22	5/100	5/100	32.31	2.77	69.86	2	0	1	0
M Dillon (WI)
1997-1999	7	11	1410	235.0	6	33	742	21	5/111	5/111	35.33	3.15	67.14	3	0	1	0
Harbhajan Singh (IND)
1998-1999	8	15	1714	285.4	6	62	810	21	3/30	5/106	38.57	2.83	81.61	4	0	0	0
MR Whitney (AUS)
1991-1992	8	15	1583	263.5	6	53	793	21	7/27	11/95	37.76	3.00	75.38	2	1	1	1
Aamer Nazir (PAK)
1993-1995	6	12	1057	176.1	6	24	597	20	5/46	8/96	29.85	3.38	52.85	2	0	1	0
Aamer Sohail (PAK)
1992-1998	45	43	2129	354.5	6	71	950	20	4/54	4/55	47.50	2.67	106.45	1	1	0	0
JG Bracewell (NZ)
1990-1990	6	10	1376	229.2	6	59	596	20	6/85	6/87	29.80	2.59	68.80	2	1	1	0
KJ Silva (SL)
1995-1998	7	11	1533	255.3	6	72	647	20	4/16	7/35	32.35	2.53	76.65	4	2	0	0
JC Adams (WI)
1992-1999	39	41	1745	290.5	6	54	845	19	5/17	5/49	44.47	2.90	91.84	2	1	1	0
GI Allott (NZ)
1996-1999	10	16	2023	337.1	6	62	1111	19	4/74	4/106	58.47	3.29	106.47	3	1	0	0
MRCN Bandaratilleke (SL)
1998-1999	4	8	1296	216.0	6	65	483	19	5/36	9/83	25.42	2.23	68.21	3	2	1	0
SC Ganguly (IND)
1996-1999	32	38	1155	192.3	6	38	628	19	3/28	3/37	33.05	3.26	60.78	2	0	0	0
RK Illingworth (ENG)
1991-1995	9	13	1485	247.3	6	77	615	19	4/96	6/150	32.36	2.48	78.15	5	1	0	0
IDK Salisbury (ENG)
1992-1998	12	20	2078	346.2	6	42	1346	19	4/163	5/122	70.84	3.88	109.36	2	1	0	0
RP Snell (SA)
1992-1994	5	9	1025	170.5	6	42	538	19	4/74	8/157	28.31	3.14	53.94	4	2	0	0
SA Thomson (NZ)
1990-1995	19	26	1990	331.4	6	74	953	19	3/63	4/98	50.15	2.87	104.73	2	0	0	0
HT Davis (NZ)
1994-1997	5	9	1010	168.2	6	26	499	17	5/63	6/98	29.35	2.96	59.41	3	0	1	0
MA Ealham (ENG)
1996-1998	8	10	1060	176.4	6	43	488	17	4/21	6/111	28.70	2.76	62.35	2	1	0	0
UC Hathurusingha (SL)
1991-1999	26	32	1962	327.0	6	99	789	17	4/66	5/145	46.41	2.41	115.41	1	1	0	0
DK Liyanage (SL)
1992-1994	8	13	1271	211.5	6	45	622	17	4/56	5/110	36.58	2.93	74.76	3	2	0	0
NAM McLean (WI)
1998-1999	8	14	1244	207.2	6	32	660	17	3/53	5/129	38.82	3.18	73.17	1	0	0	0
PJ Martin (ENG)
1995-1997	8	13	1452	242.0	6	73	580	17	4/60	4/60	34.11	2.39	85.41	3	1	0	0
MB Owens (NZ)
1992-1994	8	12	1074	179.0	6	42	585	17	4/99	5/137	34.41	3.26	63.17	3	2	0	0
Shahid Nazir (PAK)
1996-1999	8	15	1040	173.2	6	32	566	17	5/53	7/98	33.29	3.26	61.17	1	0	1	0
KSC de Silva (SL)
1997-1999	8	14	1585	264.1	6	42	889	16	5/85	5/158	55.56	3.36	99.06	2	0	1	0
CZ Harris (NZ)
1992-1999	19	26	2242	373.4	6	96	1004	15	2/16	3/117	66.93	2.68	149.46	0	0	0	0
BP Julian (AUS)
1993-1995	7	14	1098	183.0	6	43	599	15	4/36	5/77	39.93	3.27	73.20	1	1	0	0
DV Lawrence (ENG)
1991-1992	4	8	873	145.3	6	25	565	15	5/106	7/173	37.66	3.88	58.20	1	0	1	0
Mohammad Akram (PAK)
1995-1999	7	12	1200	200.0	6	33	660	15	5/138	5/138	44.00	3.30	80.00	2	0	1	0
PJ Wiseman (NZ)
1998-1999	8	13	1433	238.5	6	55	763	15	5/82	7/143	50.86	3.19	95.53	1	0	1	0
DNT Zoysa (SL)
1997-1999	8	12	1006	167.4	6	34	451	15	3/22	6/100	30.06	2.68	67.06	4	0	0	0
MC Snedden (NZ)
1990-1990	7	11	1553	258.5	6	61	665	14	3/106	4/79	47.50	2.56	110.92	1	0	0	0
AJ Traicos (ZIM)
1992-1993	4	6	1141	190.1	6	34	562	14	5/86	5/86	40.14	2.95	81.50	2	0	1	0
AB Agarkar (IND)
1998-1999	3	6	738	123.0	6	26	356	13	3/43	6/127	27.38	2.89	56.76	3	0	0	0
Akram Raza (PAK)
1990-1995	8	13	1418	236.2	6	58	674	13	3/46	6/129	51.84	2.85	109.07	2	0	0	0
AP Gurusinha (SL)
1990-1996	32	33	1154	192.2	6	42	509	13	2/7	3/37	39.15	2.64	88.76	0	0	0	0
GF Labrooy (SL)
1990-1991	4	7	861	143.3	6	27	416	13	4/42	7/90	32.00	2.89	66.23	3	2	0	0
Mohammad Zahid (PAK)
1996-1998	4	7	642	107.0	6	14	394	13	7/66	11/130	30.30	3.68	49.38	2	1	1	1
GR Robertson (AUS)
1998-1998	4	7	898	149.4	6	19	515	13	4/72	5/86	39.61	3.44	69.07	2	1	0	0
SR Tendulkar (IND)
1990-1999	69	40	912	152.0	6	34	460	13	2/7	3/45	35.38	3.02	70.15	0	0	0	0
GS Blewett (AUS)
1995-1999	43	38	1340	223.2	6	57	660	12	2/9	2/9	55.00	2.95	111.66	0	0	0	0
AR Border (AUS)
1990-1994	45	30	1438	239.4	6	71	557	12	5/68	5/68	46.41	2.32	119.83	1	0	1	0
MC Ilott (ENG)
1993-1995	5	7	1042	173.4	6	38	542	12	3/48	4/152	45.16	3.12	86.83	3	0	0	0
RS Kalpage (SL)
1993-1999	11	16	1576	262.4	6	49	774	12	2/27	4/167	64.50	2.94	131.33	0	0	0	0
D Ramnarine (WI)
1998-1999	3	6	768	128.0	6	47	234	12	4/29	6/99	19.50	1.82	64.00	3	1	0	0
Arshad Khan (PAK)
1997-1999	3	6	834	139.0	6	39	324	11	5/38	6/79	29.45	2.33	75.81	2	0	1	0
RP de Groen (NZ)
1993-1994	5	7	1060	176.4	6	44	505	11	3/40	5/88	45.90	2.85	96.36	1	0	0	0
MP Jarvis (ZIM)
1992-1994	5	8	1273	212.1	6	88	393	11	3/30	4/54	35.72	1.85	115.72	2	0	0	0
Saleem Jaffar (PAK)
1990-1992	4	6	600	100.0	6	25	252	11	3/36	4/98	22.90	2.52	54.54	1	0	0	0
Shahid Afridi (PAK)
1998-1999	6	11	670	111.4	6	24	327	11	5/52	5/101	29.72	2.92	60.90	2	0	1	0
JTC Vaughan (NZ)
1992-1997	6	8	1040	173.2	6	41	450	11	4/27	5/75	40.90	2.59	94.54	2	1	0	0
SL Watkin (ENG)
1991-1993	3	5	534	89.0	6	17	305	11	4/65	6/152	27.72	3.42	48.54	2	1	0	0
C White (ENG)
1994-1997	8	14	811	135.1	6	26	452	11	3/18	4/54	41.09	3.34	73.72	1	0	0	0
J Angel (AUS)
1993-1995	4	7	748	124.4	6	24	463	10	3/54	5/146	46.30	3.71	74.80	2	0	0	0
NA Mallender (ENG)
1992-1992	2	3	449	74.5	6	20	215	10	5/50	8/122	21.50	2.87	44.90	2	0	1	0
M Ntini (SA)
1998-1998	4	8	752	125.2	6	37	358	10	4/72	4/115	35.80	2.85	75.20	1	1	0	0
NO Perry (WI)
1999-1999	4	7	804	134.0	6	24	446	10	5/70	6/149	44.60	3.32	80.40	2	0	1	0
CG Rackemann (AUS)
1990-1991	5	9	1294	215.4	6	69	447	10	4/40	5/125	44.70	2.07	129.40	2	1	0	0
RJ Shastri (IND)
1990-1992	11	16	1223	203.5	6	28	613	10	4/45	4/82	61.30	3.00	122.30	1	1	0	0
AS Wassan (IND)
1990-1990	4	6	712	118.4	6	16	504	10	4/108	5/188	50.40	4.24	71.20	1	1	0	0
M Watkinson (ENG)
1995-1996	4	6	672	112.0	6	24	348	10	3/64	5/92	34.80	3.10	67.20	2	0	0	0
DJ Capel (ENG)
1990-1990	4	7	744	124.0	6	17	436	9	3/88	4/154	48.44	3.51	82.66	1	0	0	0
S Elworthy (SA)
1998-1999	2	4	516	86.0	6	24	238	9	4/66	8/159	26.44	2.76	57.33	2	2	0	0
JE Emburey (ENG)
1993-1995	4	7	1164	194.0	6	42	541	9	2/48	4/165	60.11	2.78	129.33	0	0	0	0
GA Gooch (ENG)
1990-1995	45	22	1038	173.0	6	45	447	9	3/39	5/69	49.66	2.58	115.33	1	0	0	0
Kabir Khan (PAK)
1994-1995	4	6	655	109.1	6	15	370	9	3/26	4/71	41.11	3.38	72.77	1	0	0	0
DJ Terbrugge (SA)
1998-1999	4	8	600	100.0	6	33	253	9	3/27	3/54	28.11	2.53	66.66	1	0	0	0
PT Collins (WI)
1999-1999	3	6	678	113.0	6	19	362	8	3/79	3/103	45.25	3.20	84.75	1	0	0	0
AC Cummins (WI)
1993-1994	5	8	618	103.0	6	11	342	8	4/54	4/54	42.75	3.32	77.25	1	1	0	0
R Dhanraj (WI)
1994-1996	4	8	1087	181.1	6	32	595	8	2/49	4/146	74.37	3.28	135.87	0	0	0	0
CE Eksteen (SA)
1993-1995	6	12	1458	243.0	6	94	447	8	3/12	3/88	55.87	1.83	182.25	1	0	0	0
Imran Khan (PAK)
1990-1992	9	7	588	98.0	6	22	237	8	2/22	4/54	29.62	2.41	73.50	0	0	0	0
SD Jack (SA)
1994-1995	2	4	462	77.0	6	24	196	8	4/69	5/119	24.50	2.54	57.75	1	1	0	0
RD King (WI)
1999-1999	3	4	542	90.2	6	15	307	8	4/81	4/81	38.37	3.39	67.75	2	2	0	0
CD McMillan (NZ)
1997-1999	19	16	747	124.3	6	31	386	8	2/27	3/73	48.25	3.10	93.37	0	0	0	0
PL Taylor (AUS)
1990-1991	6	10	971	161.5	6	44	452	8	3/44	3/83	56.50	2.79	121.37	1	0	0	0
AJ Tudor (ENG)
1998-1999	3	6	350	58.2	6	12	239	8	4/89	5/108	29.87	4.09	43.75	1	1	0	0
IT Botham (ENG)
1991-1992	5	8	534	89.0	6	26	245	7	2/23	3/67	35.00	2.75	76.28	0	0	0	0
GD Campbell (AUS)
1990-1990	2	4	471	78.3	6	12	236	7	3/79	4/162	33.71	3.00	67.28	1	0	0	0
UDU Chandana (SL)
1999-1999	2	3	349	58.1	6	8	227	7	6/179	6/179	32.42	3.90	49.85	1	0	1	0
SH Cook (AUS)
1997-1997	2	4	224	37.2	6	10	142	7	5/39	7/75	20.28	3.80	32.00	1	0	1	0
CE Cuffy (WI)
1994-1997	3	5	512	85.2	6	14	306	7	3/80	4/81	43.71	3.58	73.14	1	0	0	0
M Hayward (SA)
1999-1999	2	3	409	68.1	6	18	204	7	4/75	5/130	29.14	2.99	58.42	1	1	0	0
PW Jarvis (ENG)
1993-1993	3	5	565	94.1	6	16	257	7	3/76	3/90	36.71	2.72	80.71	1	0	0	0
NC Johnson (ZIM)
1998-1999	9	7	508	84.4	6	16	287	7	3/41	4/105	41.00	3.38	72.57	1	0	0	0
B Lee (AUS)
1999-1999	1	2	222	37.0	6	8	78	7	5/47	7/78	11.14	2.10	31.71	1	0	1	0
Maninder Singh (IND)
1993-1993	1	2	402	67.0	6	12	145	7	4/66	7/145	20.71	2.16	57.42	2	1	0	0
Mohsin Kamal (PAK)
1994-1994	2	2	324	54.0	6	6	225	7	4/116	4/116	32.14	4.16	46.28	2	1	0	0
SA Muller (AUS)
1999-1999	2	4	348	58.0	6	8	258	7	3/68	4/131	36.85	4.44	49.71	1	0	0	0
KP Walmsley (NZ)
1995-1995	2	4	666	111.0	6	22	344	7	3/70	4/182	49.14	3.09	95.14	1	0	0	0
AR Whittall (ZIM)
1996-1999	10	12	1562	260.2	6	48	736	7	3/73	3/73	105.14	2.82	223.14	1	0	0	0
KIW Wijegunawardene (SL)
1991-1992	2	4	364	60.4	6	16	147	7	4/51	7/98	21.00	2.42	52.00	2	1	0	0
Abdul Qadir (PAK)
1990-1990	4	8	534	89.0	6	12	284	6	2/5	3/48	47.33	3.19	89.00	0	0	0	0
RP Arnold (SL)
1997-1999	12	11	719	119.5	6	26	292	6	2/80	3/148	48.66	2.43	119.83	0	0	0	0
S Chanderpaul (WI)
1994-1999	37	27	1350	225.0	6	39	669	6	1/2	1/2	111.50	2.97	225.00	0	0	0	0
AC Dale (AUS)
1998-1999	2	4	348	58.0	6	19	187	6	3/71	3/92	31.16	3.22	58.00	1	0	0	0
AIC Dodemaide (AUS)
1992-1992	2	3	323	53.5	6	15	150	6	4/65	4/65	25.00	2.78	53.83	1	1	0	0
A Flintoff (ENG)
1998-1999	5	9	587	97.5	6	21	286	6	2/31	3/55	47.66	2.92	97.83	0	0	0	0
GW Flower (ZIM)
1992-1999	38	29	1191	198.3	6	41	525	6	1/4	1/4	87.50	2.64	198.50	0	0	0	0
HMRKB Herath (SL)
1999-1999	2	2	417	69.3	6	16	195	6	4/97	4/97	32.50	2.80	69.50	1	1	0	0
AR Kapoor (IND)
1994-1996	4	7	642	107.0	6	26	255	6	2/19	3/72	42.50	2.38	107.00	0	0	0	0
RJ Kennedy (NZ)
1996-1996	4	8	636	106.0	6	17	380	6	3/28	3/47	63.33	3.58	106.00	1	0	0	0
MJ McCague (ENG)
1993-1994	3	4	593	98.5	6	17	390	6	4/121	4/179	65.00	3.94	98.83	1	1	0	0
EA Moseley (WI)
1990-1990	2	4	522	87.0	6	13	261	6	2/70	3/103	43.50	3.00	87.00	0	0	0	0
Tauseef Ahmed (PAK)
1990-1993	6	10	804	134.0	6	25	377	6	3/80	3/113	62.83	2.81	134.00	1	0	0	0
IBA Allen (WI)
1991-1991	2	3	282	47.0	6	4	180	5	2/69	3/92	36.00	3.82	56.40	0	0	0	0
GE Bradburn (NZ)
1990-1992	5	6	615	102.3	6	18	336	5	3/134	3/142	67.20	3.27	123.00	1	0	0	0
GB Brent (ZIM)
1999-1999	2	3	368	61.2	6	19	144	5	3/21	3/89	28.80	2.34	73.60	1	0	0	0
D Ganesh (IND)
1997-1997	4	7	461	76.5	6	15	287	5	2/28	4/98	57.40	3.73	92.20	0	0	0	0
ACI Lock (ZIM)
1995-1995	1	2	180	30.0	6	5	105	5	3/68	5/105	21.00	3.50	36.00	1	0	0	0
PE McIntyre (AUS)
1995-1996	2	4	393	65.3	6	10	194	5	3/103	3/107	38.80	2.96	78.60	1	0	0	0
Manzoor Elahi (PAK)
1995-1995	2	4	288	48.0	6	17	110	5	2/38	3/70	22.00	2.29	57.60	0	0	0	0
MW Pringle (SA)
1992-1995	4	5	652	108.4	6	21	270	5	2/62	2/98	54.00	2.48	130.40	0	0	0	0
A Ranatunga (SL)
1990-1999	60	25	806	134.2	6	35	339	5	2/60	2/60	67.80	2.52	161.20	0	0	0	0
CEW Silverwood (ENG)
1996-1999	3	6	570	95.0	6	20	279	5	3/63	4/71	55.80	2.93	114.00	1	0	0	0
PIC Thompson (WI)
1996-1997	2	3	228	38.0	6	1	215	5	2/58	4/135	43.00	5.65	45.60	0	0	0	0
Asif Mujtaba (PAK)
1992-1997	22	15	648	108.0	6	24	301	4	1/0	1/1	75.25	2.78	162.00	0	0	0	0
JE Benjamin (ENG)
1994-1994	1	2	168	28.0	6	3	80	4	4/42	4/80	20.00	2.85	42.00	1	1	0	0
MP Bicknell (ENG)
1993-1993	2	3	522	87.0	6	17	263	4	3/99	3/108	65.75	3.02	130.50	1	0	0	0
EAR de Silva (SL)
1991-1991	3	5	888	148.0	6	34	393	4	2/67	2/124	98.25	2.65	222.00	0	0	0	0
Fazl-e-Akbar (PAK)
1998-1999	2	4	240	40.0	6	9	151	4	2/16	3/32	37.75	3.77	60.00	0	0	0	0
ESH Giddins (ENG)
1999-1999	1	2	156	26.0	6	7	79	4	3/38	4/79	19.75	3.03	39.00	1	0	0	0
BC Hollioake (ENG)
1997-1998	2	4	252	42.0	6	4	199	4	2/105	2/83	49.75	4.73	63.00	0	0	0	0
EZ Matambanadzo (ZIM)
1996-1999	3	5	384	64.0	6	10	250	4	2/62	2/89	62.50	3.90	96.00	0	0	0	0
DS Mohanty (IND)
1997-1997	2	4	430	71.4	6	10	239	4	4/78	4/150	59.75	3.33	107.50	1	1	0	0
TA Munton (ENG)
1992-1992	2	4	405	67.3	6	15	200	4	2/22	3/62	50.00	2.96	101.25	0	0	0	0
MJ Nicholson (AUS)
1998-1998	1	2	150	25.0	6	4	115	4	3/56	4/115	28.75	4.60	37.50	1	0	0	0
SG Peall (ZIM)
1993-1994	4	6	888	148.0	6	45	303	4	2/89	2/78	75.75	2.04	222.00	0	0	0	0
RT Ponting (AUS)
1995-1999	33	12	215	35.5	6	11	81	4	1/0	1/0	20.25	2.26	53.75	0	0	0	0
MR Ramprakash (ENG)
1991-1999	38	22	841	140.1	6	16	445	4	1/2	1/2	111.25	3.17	210.25	0	0	0	0
Shakeel Ahmed snr (PAK)
1998-1998	1	2	325	54.1	6	12	139	4	4/91	4/139	34.75	2.56	81.25	1	1	0	0
PV Simmons (WI)
1991-1997	24	16	624	104.0	6	27	257	4	2/34	2/57	64.25	2.47	156.00	0	0	0	0
ST Banerjee (IND)
1992-1992	1	1	108	18.0	6	4	47	3	3/47	3/47	15.66	2.61	36.00	1	0	0	0
T Bosch (SA)
1992-1992	1	2	237	39.3	6	9	104	3	2/61	3/104	34.66	2.63	79.00	0	0	0	0
MG Burmester (ZIM)
1992-1992	3	4	436	72.4	6	22	227	3	3/78	3/78	75.66	3.12	145.33	1	0	0	0
MA Butcher (ENG)
1997-1999	25	11	314	52.2	6	10	160	3	2/32	2/32	53.33	3.05	104.66	0	0	0	0
GJ Crocker (ZIM)
1992-1992	3	5	456	76.0	6	20	217	3	2/65	2/89	72.33	2.85	152.00	0	0	0	0
OD Gibson (WI)
1995-1999	2	4	472	78.4	6	9	275	3	2/81	2/132	91.66	3.49	157.33	0	0	0	0
O Henry (SA)
1992-1993	3	4	427	71.1	6	15	189	3	2/56	2/56	63.00	2.65	142.33	0	0	0	0
AP Igglesden (ENG)
1994-1994	2	3	333	55.3	6	8	183	3	1/36	2/89	61.00	3.29	111.00	0	0	0	0
RC Irani (ENG)
1996-1999	3	4	192	32.0	6	10	112	3	1/22	1/31	37.33	3.50	64.00	0	0	0	0
DJ Johnson (IND)
1996-1996	2	4	240	40.0	6	6	143	3	2/52	2/91	47.66	3.57	80.00	0	0	0	0
MAWR Madurasinghe (SL)
1990-1992	2	3	300	50.0	6	8	131	3	3/60	3/60	43.66	2.62	100.00	1	0	0	0
Masood Anwar (PAK)
1990-1990	1	2	161	26.5	6	4	102	3	2/59	3/102	34.00	3.80	53.66	0	0	0	0
Mohammad Hussain (PAK)
1996-1998	2	3	180	30.0	6	7	87	3	2/66	2/66	29.00	2.90	60.00	0	0	0	0
MW Priest (NZ)
1990-1998	3	5	377	62.5	6	15	158	3	2/42	2/77	52.66	2.51	125.66	0	0	0	0
JA Rennie (ZIM)
1993-1997	4	8	724	120.4	6	37	293	3	2/22	2/57	97.66	2.42	241.33	0	0	0	0
SK Sharma (IND)
1990-1990	1	2	288	48.0	6	5	197	3	2/75	3/197	65.66	4.10	96.00	0	0	0	0
R Singh (IND)
1999-1999	1	2	240	40.0	6	8	176	3	2/74	3/176	58.66	4.40	80.00	0	0	0	0
JP Taylor (ENG)
1993-1994	2	4	288	48.0	6	9	156	3	1/18	2/82	52.00	3.25	96.00	0	0	0	0
RG Twose (NZ)
1995-1999	16	6	211	35.1	6	2	130	3	2/36	2/50	43.33	3.69	70.33	0	0	0	0
KEA Upashantha (SL)
1999-1999	1	2	258	43.0	6	5	135	3	2/41	3/135	45.00	3.13	86.00	0	0	0	0
Ali Hussain Rizvi (PAK)
1997-1997	1	1	111	18.3	6	1	72	2	2/72	2/72	36.00	3.89	55.50	0	0	0	0
Ashfaq Ahmed (PAK)
1993-1993	1	2	138	23.0	6	9	53	2	2/31	2/53	26.50	2.30	69.00	0	0	0	0
MA Atherton (ENG)
1990-1999	91	12	360	60.0	6	12	268	2	1/20	1/20	134.00	4.46	180.00	0	0	0	0
AJ Bichel (AUS)
1997-1998	3	6	519	86.3	6	18	297	2	1/31	1/47	148.50	3.43	259.50	0	0	0	0
SJE Brown (ENG)
1996-1996	1	2	198	33.0	6	4	138	2	1/60	2/138	69.00	4.18	99.00	0	0	0	0
Harvinder Singh (IND)
1998-1998	2	4	138	23.0	6	4	98	2	1/28	1/37	49.00	4.26	69.00	0	0	0	0
MJ Haslam (NZ)
1992-1995	4	5	493	82.1	6	19	245	2	1/33	1/33	122.50	2.98	246.50	0	0	0	0
AJ Hollioake (ENG)
1997-1998	4	3	144	24.0	6	2	67	2	2/31	2/55	33.50	2.79	72.00	0	0	0	0
Ijaz Ahmed (PAK)
1990-1999	44	6	180	30.0	6	1	77	2	1/9	1/9	38.50	2.56	90.00	0	0	0	0
G Kirsten (SA)
1993-1999	56	13	325	54.1	6	17	135	2	1/0	1/0	67.50	2.49	162.50	0	0	0	0
DS Lehmann (AUS)
1998-1999	5	5	102	17.0	6	4	45	2	1/6	1/12	22.50	2.64	51.00	0	0	0	0
PL Mhambrey (IND)
1996-1996	2	3	258	43.0	6	6	148	2	1/43	1/43	74.00	3.44	129.00	0	0	0	0
Nadeem Khan (PAK)
1993-1999	2	4	432	72.0	6	10	230	2	2/147	2/195	115.00	3.19	216.00	0	0	0	0
DA Reeve (ENG)
1992-1992	3	5	149	24.5	6	8	60	2	1/4	1/15	30.00	2.41	74.50	0	0	0	0
PR Sleep (AUS)
1990-1990	1	2	174	29.0	6	12	70	2	1/6	2/70	35.00	2.41	87.00	0	0	0	0
PK Wijetunge (SL)
1993-1993	1	2	312	52.0	6	5	118	2	1/58	2/118	59.00	2.26	156.00	0	0	0	0
NF Williams (ENG)
1990-1990	1	1	246	41.0	6	5	148	2	2/148	2/148	74.00	3.60	123.00	0	0	0	0
CJ Adams (ENG)
1999-1999	3	1	78	13.0	6	3	42	1	1/42	1/42	42.00	3.23	78.00	0	0	0	0
KLT Arthurton (WI)
1992-1995	28	15	389	64.5	6	11	145	1	1/17	1/17	145.00	2.23	389.00	0	0	0	0
MS Atapattu (SL)
1990-1999	29	5	48	8.0	6	0	24	1	1/9	1/9	24.00	3.00	48.00	0	0	0	0
EAE Baptiste (WI)
1990-1990	1	2	138	23.0	6	5	77	1	1/47	1/77	77.00	3.34	138.00	0	0	0	0
CD Collymore (WI)
1999-1999	1	2	246	41.0	6	7	109	1	1/49	1/109	109.00	2.65	246.00	0	0	0	0
MD Crowe (NZ)
1990-1995	32	4	138	23.0	6	6	69	1	1/22	1/22	69.00	3.00	138.00	0	0	0	0
DJ Cullinan (SA)
1993-1999	53	6	96	16.0	6	3	54	1	1/32	1/32	54.00	3.37	96.00	0	0	0	0
AF Giles (ENG)
1998-1998	1	1	216	36.0	6	7	106	1	1/106	1/106	106.00	2.94	216.00	0	0	0	0
TR Gripper (ZIM)
1999-1999	4	3	72	12.0	6	1	53	1	1/28	1/28	53.00	4.41	72.00	0	0	0	0
RA Harper (WI)
1993-1993	1	2	150	25.0	6	12	39	1	1/36	1/39	39.00	1.56	150.00	0	0	0	0
GB Hogg (AUS)
1996-1996	1	1	102	17.0	6	3	69	1	1/69	1/69	69.00	4.05	102.00	0	0	0	0
DPMD Jayawardene (SL)
1997-1999	15	10	342	57.0	6	9	169	1	1/35	1/65	169.00	2.96	342.00	0	0	0	0
AH Jones (NZ)
1990-1995	29	13	310	51.4	6	8	178	1	1/40	1/40	178.00	3.44	310.00	0	0	0	0
NM Kulkarni (IND)
1997-1997	2	1	420	70.0	6	12	195	1	1/195	1/195	195.00	2.78	420.00	0	0	0	0
CB Lambert (WI)
1991-1998	5	2	10	1.4	6	0	5	1	1/4	1/4	5.00	3.00	10.00	0	0	0	0
RN Lewis (WI)
1997-1998	3	5	585	97.3	6	16	318	1	1/67	1/112	318.00	3.26	585.00	0	0	0	0
TM Moody (AUS)
1990-1992	5	5	198	33.0	6	4	94	1	1/17	1/17	94.00	2.84	198.00	0	0	0	0
A Nehra (IND)
1999-1999	1	1	168	28.0	6	5	94	1	1/94	1/94	94.00	3.35	168.00	0	0	0	0
PJ Newport (ENG)
1991-1991	1	2	120	20.0	6	0	78	1	1/56	1/78	78.00	3.90	120.00	0	0	0	0
AH Omarshah (ZIM)
1992-1996	3	3	186	31.0	6	9	125	1	1/46	1/82	125.00	4.03	186.00	0	0	0	0
MM Patel (ENG)
1996-1996	2	4	276	46.0	6	8	180	1	1/101	1/148	180.00	3.91	276.00	0	0	0	0
ASA Perera (SL)
1998-1998	1	2	306	51.0	6	12	126	1	1/104	1/126	126.00	2.47	306.00	0	0	0	0
PDRL Perera (SL)
1999-1999	1	2	264	44.0	6	6	185	1	1/125	1/185	185.00	4.20	264.00	0	0	0	0
U Ranchod (ZIM)
1993-1993	1	1	72	12.0	6	0	45	1	1/45	1/45	45.00	3.75	72.00	0	0	0	0
G Sharma (IND)
1990-1990	1	2	222	37.0	6	12	65	1	1/26	1/65	65.00	1.75	222.00	0	0	0	0
Shoaib Mohammad (PAK)
1990-1995	19	10	204	34.0	6	9	88	1	1/15	1/15	88.00	2.58	204.00	0	0	0	0
MJ Slater (AUS)
1993-1999	58	1	7	1.1	6	0	4	1	1/4	1/4	4.00	3.42	7.00	0	0	0	0
MA Taylor (AUS)
1990-1999	93	2	42	7.0	6	3	26	1	1/11	1/11	26.00	3.71	42.00	0	0	0	0
R Vijay Bharadwaj (IND)
1999-1999	2	3	175	29.1	6	7	72	1	1/26	1/60	72.00	2.46	175.00	0	0	0	0
DP Viljoen (ZIM)
1998-1998	1	1	21	3.3	6	0	14	1	1/14	1/14	14.00	4.00	21.00	0	0	0	0
Aamer Malik (PAK)
1990-1994	4	1	30	5.0	6	2	16	0	-	-	-	3.20	0.00	0	0	0	0
Abdul Razzaq (PAK)
1999-1999	1	1	102	17.0	6	3	66	0	-	-	-	3.88	0.00	0	0	0	0
Ali Naqvi (PAK)
1997-1998	5	1	12	2.0	6	0	11	0	-	-	-	5.50	0.00	0	0	0	0
M Azharuddin (IND)
1990-1999	64	2	7	1.1	6	0	8	0	-	-	-	6.85	0.00	0	0	0	0
AM Bacher (SA)
1996-1999	19	1	6	1.0	6	0	4	0	-	-	-	4.00	0.00	0	0	0	0
HMCM Bandara (SL)
1998-1998	1	2	126	21.0	6	3	79	0	-	-	-	3.76	0.00	0	0	0	0
Basit Ali (PAK)
1993-1995	19	1	6	1.0	6	0	6	0	-	-	-	6.00	0.00	0	0	0	0
CA Best (WI)
1990-1990	5	2	30	5.0	6	0	21	0	-	-	-	4.20	0.00	0	0	0	0
DC Boon (AUS)
1990-1996	62	2	24	4.0	6	2	9	0	-	-	-	2.25	0.00	0	0	0	0
IP Butchart (ZIM)
1995-1995	1	1	18	3.0	6	0	11	0	-	-	-	3.66	0.00	0	0	0	0
ADR Campbell (ZIM)
1992-1999	39	4	42	7.0	6	1	20	0	-	-	-	2.85	0.00	0	0	0	0
MH Dekker (ZIM)
1993-1996	14	2	60	10.0	6	4	15	0	-	-	-	1.50	0.00	0	0	0	0
R Dravid (IND)
1996-1999	34	3	24	4.0	6	1	6	0	-	-	-	1.50	0.00	0	0	0	0
MTG Elliott (AUS)
1996-1999	20	2	12	2.0	6	1	4	0	-	-	-	2.00	0.00	0	0	0	0
CN Evans (ZIM)
1996-1998	2	2	54	9.0	6	0	35	0	-	-	-	3.88	0.00	0	0	0	0
A Flower (ZIM)
1992-1999	39	1	1	0.1	6	0	0	0	-	-	-	0.00	0.00	0	0	0	0
NA Foster (ENG)
1993-1993	1	1	180	30.0	6	4	94	0	-	-	-	3.13	0.00	0	0	0	0
IS Gallage (SL)
1999-1999	1	2	150	25.0	6	5	77	0	-	-	-	3.08	0.00	0	0	0	0
JER Gallian (ENG)
1995-1995	3	2	84	14.0	6	1	62	0	-	-	-	4.42	0.00	0	0	0	0
MW Goodwin (ZIM)
1998-1999	15	8	119	19.5	6	3	69	0	-	-	-	3.47	0.00	0	0	0	0
MJ Greatbatch (NZ)
1990-1996	34	1	6	1.0	6	1	0	0	-	-	-	0.00	0.00	0	0	0	0
GM Hamilton (ENG)
1999-1999	1	1	90	15.0	6	1	63	0	-	-	-	4.20	0.00	0	0	0	0
MJ Horne (NZ)
1997-1999	24	3	66	11.0	6	7	26	0	-	-	-	2.36	0.00	0	0	0	0
DL Houghton (ZIM)
1992-1997	22	1	5	0.5	6	0	0	0	-	-	-	0.00	0.00	0	0	0	0
N Hussain (ENG)
1990-1999	45	1	30	5.0	6	0	15	0	-	-	-	3.00	0.00	0	0	0	0
Ijaz Ahmed jnr (PAK)
1995-1995	2	2	24	4.0	6	0	6	0	-	-	-	1.50	0.00	0	0	0	0
Inzamam-ul-Haq (PAK)
1992-1999	58	1	9	1.3	6	0	8	0	-	-	-	5.33	0.00	0	0	0	0
DM Jones (AUS)
1990-1992	22	3	60	10.0	6	4	23	0	-	-	-	2.30	0.00	0	0	0	0
PN Kirsten (SA)
1992-1994	12	3	54	9.0	6	1	30	0	-	-	-	3.33	0.00	0	0	0	0
BC Lara (WI)
1990-1999	65	4	60	10.0	6	1	28	0	-	-	-	2.80	0.00	0	0	0	0
RT Latham (NZ)
1992-1993	4	1	18	3.0	6	2	6	0	-	-	-	2.00	0.00	0	0	0	0
SG Law (AUS)
1995-1995	1	1	18	3.0	6	1	9	0	-	-	-	3.00	0.00	0	0	0	0
VVS Laxman (IND)
1996-1999	16	8	144	24.0	6	4	67	0	-	-	-	2.79	0.00	0	0	0	0
DL Maddy (ENG)
1999-1999	2	1	84	14.0	6	1	40	0	-	-	-	2.85	0.00	0	0	0	0
RS Mahanama (SL)
1990-1998	46	1	30	5.0	6	0	27	0	-	-	-	5.40	0.00	0	0	0	0
SV Manjrekar (IND)
1990-1996	28	2	11	1.5	6	0	8	0	-	-	-	4.36	0.00	0	0	0	0
DR Martyn (AUS)
1992-1994	7	1	6	1.0	6	1	0	0	-	-	-	0.00	0.00	0	0	0	0
Nadeem Ghauri (PAK)
1990-1990	1	1	48	8.0	6	1	20	0	-	-	-	2.50	0.00	0	0	0	0
Naved Anjum (PAK)
1990-1990	1	1	36	6.0	6	4	13	0	-	-	-	2.16	0.00	0	0	0	0
BA Pocock (NZ)
1993-1997	15	2	24	4.0	6	0	20	0	-	-	-	5.00	0.00	0	0	0	0
RL Powell (WI)
1999-1999	1	1	30	5.0	6	2	13	0	-	-	-	2.60	0.00	0	0	0	0
RW Price (ZIM)
1999-1999	1	1	48	8.0	6	3	22	0	-	-	-	2.75	0.00	0	0	0	0
WV Raman (IND)
1990-1997	8	3	204	34.0	6	11	86	0	-	-	-	2.52	0.00	0	0	0	0
S Ramesh (IND)
1999-1999	9	1	6	1.0	6	0	5	0	-	-	-	5.00	0.00	0	0	0	0
Rashid Latif (PAK)
1992-1998	22	1	12	2.0	6	0	10	0	-	-	-	5.00	0.00	0	0	0	0
JN Rhodes (SA)
1992-1999	48	2	12	2.0	6	1	5	0	-	-	-	2.50	0.00	0	0	0	0
IVA Richards (WI)
1990-1991	13	10	336	56.0	6	13	154	0	-	-	-	2.75	0.00	0	0	0	0
RB Richardson (WI)
1990-1995	41	3	24	4.0	6	1	9	0	-	-	-	2.25	0.00	0	0	0	0
KR Rutherford (NZ)
1990-1995	40	6	144	24.0	6	1	96	0	-	-	-	4.00	0.00	0	0	0	0
Saeed Anwar (PAK)
1990-1999	44	4	48	8.0	6	3	23	0	-	-	-	2.87	0.00	0	0	0	0
Saleem Malik (PAK)
1990-1999	47	17	480	80.0	6	5	313	0	-	-	-	3.91	0.00	0	0	0	0
DG Sewell (NZ)
1997-1997	1	2	138	23.0	6	3	90	0	-	-	-	3.91	0.00	0	0	0	0
Shadab Kabir (PAK)
1996-1996	3	1	6	1.0	6	0	9	0	-	-	-	9.00	0.00	0	0	0	0
RR Singh (IND)
1998-1998	1	2	60	10.0	6	4	32	0	-	-	-	3.20	0.00	0	0	0	0
AM Smith (ENG)
1997-1997	1	1	138	23.0	6	2	89	0	-	-	-	3.86	0.00	0	0	0	0
RA Smith (ENG)
1990-1996	54	1	24	4.0	6	2	6	0	-	-	-	1.50	0.00	0	0	0	0
K Srikkanth (IND)
1991-1992	4	1	6	1.0	6	0	5	0	-	-	-	5.00	0.00	0	0	0	0
GR Stead (NZ)
1999-1999	5	1	6	1.0	6	0	1	0	-	-	-	1.00	0.00	0	0	0	0
AJ Stewart (ENG)
1990-1999	93	2	20	3.2	6	0	13	0	-	-	-	3.90	0.00	0	0	0	0
GP Thorpe (ENG)
1993-1999	57	6	138	23.0	6	7	37	0	-	-	-	1.60	0.00	0	0	0	0
HP Tillakaratne (SL)
1990-1999	55	5	40	6.4	6	2	14	0	-	-	-	2.10	0.00	0	0	0	0
MP Vaughan (ENG)
1999-1999	2	3	96	16.0	6	2	64	0	-	-	-	4.00	0.00	0	0	0	0
Wajahatullah Wasti (PAK)
1999-1999	4	2	12	2.0	6	1	8	0	-	-	-	4.00	0.00	0	0	0	0
DJ White (NZ)
1990-1990	2	1	3	0.3	6	0	5	0	-	-	-	10.00	0.00	0	0	0	0
SC Williams (WI)
1994-1998	28	1	18	3.0	6	0	19	0	-	-	-	6.33	0.00	0	0	0	0
P Wilson (AUS)
1998-1998	1	1	72	12.0	6	2	50	0	-	-	-	4.16	0.00	0	0	0	0
S Young (AUS)
1997-1997	1	2	48	8.0	6	3	13	0	-	-	-	1.62	0.00	0	0	0	0
HD Ackerman (SA)
1998-1998	4	0	0	0.0	6	0	0	0	-	-	-	0.00	0.00	0	0	0	0
PK Amre (IND)
1992-1993	11	0	0	0.0	6	0	0	0	-	-	-	0.00	0.00	0	0	0	0
KJ Arnott (ZIM)
1992-1993	4	0	0	0.0	6	0	0	0	-	-	-	0.00	0.00	0	0	0	0
Atif Rauf (PAK)
1994-1994	1	0	0	0.0	6	0	0	0	-	-	-	0.00	0.00	0	0	0	0
Azam Khan (PAK)
1996-1996	1	0	0	0.0	6	0	0	0	-	-	-	0.00	0.00	0	0	0	0
RJ Bailey (ENG)
1990-1990	3	0	0	0.0	6	0	0	0	-	-	-	0.00	0.00	0	0	0	0
MD Bell (NZ)
1998-1999	8	0	0	0.0	6	0	0	0	-	-	-	0.00	0.00	0	0	0	0
TE Blain (NZ)
1993-1994	8	0	0	0.0	6	0	0	0	-	-	-	0.00	0.00	0	0	0	0
RJ Blakey (ENG)
1993-1993	2	0	0	0.0	6	0	0	0	-	-	-	0.00	0.00	0	0	0	0
MV Boucher (SA)
1997-1999	24	0	0	0.0	6	0	0	0	-	-	-	0.00	0.00	0	0	0	0
GA Briant (ZIM)
1993-1993	1	0	0	0.0	6	0	0	0	-	-	-	0.00	0.00	0	0	0	0
CO Browne (WI)
1995-1997	13	0	0	0.0	6	0	0	0	-	-	-	0.00	0.00	0	0	0	0
GK Bruk-Jackson (ZIM)
1993-1993	2	0	0	0.0	6	0	0	0	-	-	-	0.00	0.00	0	0	0	0
SL Campbell (WI)
1995-1999	36	0	0	0.0	6	0	0	0	-	-	-	0.00	0.00	0	0	0	0
SV Carlisle (ZIM)
1995-1996	6	0	0	0.0	6	0	0	0	-	-	-	0.00	0.00	0	0	0	0
JB Commins (SA)
1994-1995	3	0	0	0.0	6	0	0	0	-	-	-	0.00	0.00	0	0	0	0
SJ Cook (SA)
1992-1993	3	0	0	0.0	6	0	0	0	-	-	-	0.00	0.00	0	0	0	0
JP Crawley (ENG)
1994-1999	29	0	0	0.0	6	0	0	0	-	-	-	0.00	0.00	0	0	0	0
JJ Crowe (NZ)
1990-1990	1	0	0	0.0	6	0	0	0	-	-	-	0.00	0.00	0	0	0	0
PB Dassanayake (SL)
1993-1994	11	0	0	0.0	6	0	0	0	-	-	-	0.00	0.00	0	0	0	0
SI de Saram (SL)
1999-1999	3	0	0	0.0	6	0	0	0	-	-	-	0.00	0.00	0	0	0	0
AM de Silva (SL)
1993-1993	3	0	0	0.0	6	0	0	0	-	-	-	0.00	0.00	0	0	0	0
SKL de Silva (SL)
1997-1997	3	0	0	0.0	6	0	0	0	-	-	-	0.00	0.00	0	0	0	0
TM Dilshan (SL)
1999-1999	3	0	0	0.0	6	0	0	0	-	-	-	0.00	0.00	0	0	0	0
HH Dippenaar (SA)
1999-1999	2	0	0	0.0	6	0	0	0	-	-	-	0.00	0.00	0	0	0	0
PJL Dujon (WI)
1990-1991	17	0	0	0.0	6	0	0	0	-	-	-	0.00	0.00	0	0	0	0
CI Dunusinghe (SL)
1995-1995	5	0	0	0.0	6	0	0	0	-	-	-	0.00	0.00	0	0	0	0
PA Emery (AUS)
1994-1994	1	0	0	0.0	6	0	0	0	-	-	-	0.00	0.00	0	0	0	0
NH Fairbrother (ENG)
1990-1993	6	0	0	0.0	6	0	0	0	-	-	-	0.00	0.00	0	0	0	0
SP Fleming (NZ)
1994-1999	48	0	0	0.0	6	0	0	0	-	-	-	0.00	0.00	0	0	0	0
