# Strike-rate-enriched source data — 2000s (all nations) (all nations). Provided by user (RTF upload).
# Markers: "+" incomplete, "*" estimated, "-" n/a.
# BATTING cols (after Span): Mat, Inns, NO, Runs, HS, Ave, BF, SR, 100, 30+, 50, 0, 4s, 6s
# BOWLING cols (after Span): Mat, Inns, Balls, Overs, BPO, Mdns, Runs, Wkts, BBI, BBM, Ave, Econ, SR, 3w, 4w, 5w, 10w

# ============ BATTING ============
RT Ponting (AUS)
2000-2009	107	184	22	9458	257	58.38	15129	62.51	32	102	40	8	1102	59
JH Kallis (ICC/SA)
2000-2009	101	174	27	8630	189*	58.70	18559	46.50	27	96	42	7	993	63
R Dravid (ICC/IND)
2000-2009	103	179	23	8558	270	54.85	19676	43.49	22	95	42	7	1094	15
ML Hayden (AUS)
2000-2009	96	172	14	8364	380	52.93	13745	60.85	29	95	29	10	1020	81
DPMD Jayawardene (SL)
2000-2009	95	160	12	8187	374	55.31	15313	53.46	25	87	30	10	972	38
KC Sangakkara (SL)
2000-2009	88	147	10	7549	287	55.10	13594	55.53	21	80	32	4	977	22
SR Tendulkar (IND)
2000-2009	89	150	16	7129	248*	53.20	13115	54.35	21	78	31	7	939	25
GC Smith (ICC/SA)
2002-2009	79	139	9	6451	277	49.62	10647	60.58	18	71	26	10	836	18
Mohammad Yousuf (PAK)
2000-2009	71	121	11	6439	223	58.53	12144	53.02	23	64	23	7	803	45
S Chanderpaul (WI)
2000-2009	86	148	25	6435	203*	52.31	14747	43.63	19	77	35	9	724	22
BC Lara (ICC/WI)
2000-2006	66	120	2	6380	400*	54.06	10771	59.23	21	60	19	13	786	59
VVS Laxman (IND)
2000-2009	92	150	24	6291	281	49.92	12569	50.05	14	72	37	9	853	4
V Sehwag (ICC/IND)
2001-2009	72	123	4	6248	319	52.50	7767	80.44	17	62	19	10	885	75
JL Langer (AUS)
2000-2007	76	134	11	5994	250	48.73	10162	58.98	18	67	21	7	773	34
CH Gayle (WI)
2000-2009	85	150	6	5848	317	40.61	10034	58.28	12	73	31	14	873	65
ME Trescothick (ENG)
2000-2006	76	143	10	5825	219	43.79	10685	54.51	14	70	29	12	831	42
RR Sarwan (WI)
2000-2009	83	146	8	5759	291	41.73	12249	47.01	15	68	31	10	738	14
MP Vaughan (ENG)
2000-2008	80	143	9	5631	197	42.02	10855	51.87	18	63	18	9	731	22
AJ Strauss (ENG)
2004-2009	69	126	5	5367	177	44.35	10796	49.71	18	64	18	9	670	8
Younis Khan (PAK)
2000-2009	63	112	7	5260	313	50.09	9789	53.73	16	59	21	12	638	24
HH Gibbs (SA)
2000-2008	73	124	6	5198	228	44.05	10004	51.95	12	55	23	9	763	42
AC Gilchrist (AUS)
2000-2008	91	129	19	5130	204*	46.63	6258	81.97	16	60	23	13	628	99
Inzamam-ul-Haq (ICC/PAK)
2000-2007	62	103	11	5113	329	55.57	9120	56.06	17	60	23	7	639	33
KP Pietersen (ENG)
2005-2009	56	100	4	4799	226	49.98	7678	62.50	16	57	16	4	555	49
SC Ganguly (IND)
2000-2008	81	134	12	4780	239	39.18	8968	53.30	9	61	23	9	586	34
ST Jayasuriya (SL)
2000-2007	66	114	5	4222	253	38.73	6425	65.71	9	46	17	6	561	38
SP Fleming (NZ)
2000-2008	63	105	4	4188	274*	41.46	8536	49.06	7	51	23	9	545	18
DR Martyn (AUS)
2000-2006	60	97	13	4089	165	48.67	7838	52.16	13	50	20	6	485	9
MS Atapattu (SL)
2000-2007	61	105	10	4055	249	42.68	9043	44.84	13	37	14	12	503	3
MV Boucher (ICC/SA)
2000-2009	104	152	18	4024	122*	30.02	7965	50.52	2	50	26	13	479	14
TT Samaraweera (SL)
2001-2009	57	90	13	3938	231	51.14	8265	47.64	11	42	21	6	473	5
MJ Clarke (AUS)
2004-2009	56	91	12	3926	151	49.69	7375	53.23	12	42	17	5	422	17
PD Collingwood (ENG)
2003-2009	55	96	10	3732	206	43.39	8120	45.96	9	40	18	4	412	17
AB de Villiers (SA)
2004-2009	54	93	8	3706	217*	43.60	6987	53.04	9	42	19	1	451	19
A Flintoff (ENG/ICC)
2000-2009	74	122	9	3695	167	32.69	5967	61.92	5	48	26	15	484	82
AN Cook (ENG)
2006-2009	50	90	5	3654	160	42.98	7774	47.00	10	45	20	3	432	2
MEK Hussey (AUS)
2005-2009	46	79	9	3638	182	51.97	7542	48.23	10	46	19	7	411	18
G Kirsten (SA)
2000-2004	45	76	6	3497	220	49.95	7598	46.02	11	38	16	5	437	8
TM Dilshan (SL)
2000-2009	57	91	9	3482	168	42.46	5299	65.71	10	39	13	9	424	17
SM Katich (AUS)
2001-2009	47	81	5	3392	157	44.63	6794	49.92	8	43	20	3	394	8
IR Bell (ENG)
2004-2009	51	91	9	3291	199	40.13	6547	50.26	9	36	21	7	380	14
ND McKenzie (SA)
2000-2009	58	94	7	3253	226	37.39	7744	42.00	5	39	16	9	409	22
DL Vettori (ICC/NZ)
2000-2009	69	104	16	3176	140	36.09	5093	62.36	5	42	17	9	409	11
GP Thorpe (ENG)
2000-2005	43	74	15	3145	200*	53.30	6900	45.57	10	38	15	4	342	8
AG Prince (SA)
2002-2009	50	81	12	3137	162*	45.46	7055	44.46	11	30	8	4	348	11
MA Butcher (ENG)
2000-2004	46	83	6	3115	173*	40.45	6883	45.25	6	41	19	5	417	3
Habibul Bashar (BAN)
2000-2008	50	99	1	3026	113	30.87	5020	60.27	3	36	24	7	401	4
N Hussain (ENG)
2000-2004	51	90	8	2846	155	34.70	6927	41.08	6	32	20	5	369	16
SR Waugh (AUS)
2000-2004	44	63	10	2825	157*	53.30	5474	51.60	11	35	9	5	354	11
MH Richardson (NZ)
2000-2004	38	65	3	2776	145	44.77	7370	37.66	4	35	19	1	344	4
NJ Astle (NZ)
2000-2006	47	77	5	2682	222	37.25	5145	52.12	6	31	15	7	348	21
WW Hinds (WI)
2000-2005	45	80	1	2608	213	33.01	5459	47.77	5	28	14	6	368	16
HM Amla (SA)
2004-2009	39	69	4	2587	176*	39.80	5311	48.71	7	32	14	6	336	2
G Gambhir (IND)
2004-2009	27	48	3	2553	206	56.73	4807	53.11	8	27	10	1	315	6
Kamran Akmal (PAK)
2002-2009	47	80	6	2525	158*	34.12	3983	63.39	6	30	12	10	353	13
BB McCullum (NZ)
2004-2009	49	81	4	2474	143	32.12	3996	61.91	3	26	15	8	305	28
WPUJC Vaas (SL)
2000-2009	77	115	28	2409	100*	27.68	5215	46.19	1	32	11	7	301	12
SM Pollock (SA)
2000-2008	70	100	27	2377	111	32.56	4400	54.02	2	38	8	7	265	26
A Flower (ZIM)
2000-2002	24	42	7	2214	232*	63.25	4299	51.50	6	22	11	1	280	13
MS Dhoni (IND)
2005-2009	40	62	8	2176	148	40.29	3496	62.24	3	30	16	3	242	40
Mohammad Ashraful (BAN)
2001-2009	50	97	4	2149	158*	23.10	4685	45.86	5	18	7	15	264	21
D Ganga (WI)
2000-2008	44	80	2	2085	135	26.73	5272	39.54	3	25	9	8	276	2
RD Jacobs (WI)
2000-2004	54	91	17	2071	118	27.98	4232	48.93	3	24	11	12	235	19
AJ Stewart (ENG)
2000-2003	40	66	9	2056	124*	36.07	4190	49.06	3	25	11	7	279	2
JA Rudolph (SA)
2003-2006	35	63	7	2028	222*	36.21	4721	42.95	5	22	8	8	288	6
DJ Bravo (WI)
2004-2009	34	63	1	2009	113	32.40	4065	49.42	3	25	11	5	254	16
Imran Farhat (PAK)
2001-2009	31	59	2	1944	128	34.10	3977	48.88	3	23	12	2	287	4
W Jaffer (IND)
2000-2008	31	58	1	1944	212	34.10	4045	48.05	5	20	11	6	272	3
Abdul Razzaq (PAK)
2000-2006	45	75	9	1933	134	29.28	4679	41.31	3	21	7	4	228	23
CD McMillan (NZ)
2000-2005	36	59	7	1860	142	35.76	3540	52.54	3	23	12	5	225	30
JDP Oram (NZ)
2002-2009	33	59	10	1780	133	36.32	3533	50.38	5	21	6	4	209	21
Taufeeq Umar (PAK)
2001-2006	25	46	2	1729	135	39.29	3852	44.88	4	22	9	3	251	3
Javed Omar (BAN)
2001-2007	40	80	2	1720	119	22.05	4509	38.14	1	21	8	5	240	1
HH Dippenaar (SA)
2000-2007	36	60	5	1665	177*	30.27	3980	41.83	3	18	7	8	231	5
ME Waugh (AUS)
2000-2002	29	45	6	1658	120	42.51	3093	53.60	3	21	10	4	208	7
LRPL Taylor (NZ)
2007-2009	22	40	1	1644	154*	42.15	2758	59.60	4	18	8	0	228	16
CL Hooper (WI)
2001-2002	22	37	2	1609	233	45.97	3309	48.62	4	17	9	0	185	12
SB Styris (NZ)
2002-2007	29	48	4	1586	170	36.04	3089	51.34	5	18	6	5	205	13
SK Warne (AUS)
2000-2007	65	86	5	1577	99	19.46	2446	64.47	0	22	8	14	194	20
HP Tillakaratne (SL)
2001-2004	27	40	11	1573	204*	54.24	3668	42.88	5	14	4	1	190	1
DS Lehmann (AUS)
2002-2004	22	34	2	1570	177	49.06	2507	62.62	5	17	8	1	185	10
Yuvraj Singh (IND)
2003-2009	31	48	6	1545	169	36.78	2641	58.50	3	17	8	6	215	15
Harbhajan Singh (IND)
2001-2009	72	100	14	1493	66	17.36	2286	65.31	0	18	7	12	201	20
A Symonds (AUS)
2004-2008	26	41	5	1462	162*	40.61	2256	64.80	2	18	10	4	154	28
HH Streak (ZIM)
2000-2005	38	64	11	1454	127*	27.43	3780	38.46	1	15	9	6	151	10
Yasir Hameed (PAK)
2003-2007	23	45	3	1450	170	34.52	2514	57.67	2	14	8	0	217	3
SV Carlisle (ZIM)
2000-2005	31	56	5	1440	118	28.23	3833	37.56	2	19	7	5	166	10
Shoaib Malik (PAK)
2001-2009	28	46	6	1440	148*	36.00	3261	44.15	2	20	7	4	186	13
MA Atherton (ENG)
2000-2001	22	40	1	1438	136	36.87	3919	36.69	3	19	8	1	170	1
A Kumble (IND)
2000-2008	74	98	18	1427	110*	17.83	3699	38.57	1	14	2	9	190	4
B Lee (AUS)
2000-2008	75	89	18	1424	64	20.05	2684	53.05	0	16	5	14	181	18
D Ramdin (WI)
2005-2009	39	68	7	1419	166	23.26	2934	48.36	1	17	8	6	194	2
Khaled Mashud (BAN)
2000-2007	44	84	10	1409	103*	19.04	4136	34.06	1	13	3	11	147	1
MN Samuels (WI)
2000-2008	29	53	4	1408	105	28.73	3172	44.38	2	19	9	4	194	5
AF Giles (ENG)
2000-2006	53	79	12	1404	59	20.95	3011	46.62	0	15	4	9	174	5
BJ Haddin (AUS)
2008-2009	23	38	4	1404	169	41.29	2427	57.84	2	20	5	1	165	22
MJ Prior (ENG)
2007-2009	25	40	7	1390	131*	42.12	2185	63.61	2	20	11	5	163	6
MS Sinclair (NZ)
2000-2008	31	53	5	1381	204*	28.77	3213	42.98	2	14	4	4	170	7
Salman Butt (PAK)
2003-2009	25	46	0	1346	122	29.26	2942	45.75	2	16	7	5	189	1
L Vincent (NZ)
2001-2007	23	40	1	1332	224	34.15	2827	47.11	3	14	9	4	161	12
Shahid Afridi (PAK)
2000-2006	20	35	1	1329	156	39.08	1442	92.16	4	16	7	4	165	43
SS Das (IND)
2000-2002	23	40	2	1326	110	34.89	3407	38.91	2	19	9	3	180	1
DS Smith (WI)
2003-2009	31	55	2	1315	108	24.81	2787	47.18	1	18	4	6	188	0
N Boje (SA)
2000-2006	43	62	10	1312	85	25.23	2715	48.32	0	19	4	5	184	6
T Taibu (ZIM)
2001-2005	24	46	3	1273	153	29.60	3110	40.93	1	14	9	5	154	5
CL Cairns (NZ)
2000-2004	18	30	2	1265	158	45.17	1717	73.67	3	17	5	2	138	42
GW Flower (ZIM)
2000-2004	29	53	3	1227	106*	24.54	3718	33.00	1	16	7	8	144	7
DD Ebrahim (ZIM)
2001-2005	29	55	1	1225	94	22.68	3116	39.31	0	17	10	8	145	0
DJ Cullinan (SA)
2000-2001	17	28	4	1200	134	50.00	2619	45.81	5	14	4	0	132	12
RP Arnold (SL)
2000-2004	32	50	1	1186	109	24.20	2543	46.63	1	15	7	5	147	1
GO Jones (ENG)
2004-2006	34	53	4	1172	100	23.91	2165	54.13	1	15	6	2	155	12
MG Vandort (SL)
2001-2008	20	33	2	1144	140	36.90	2421	47.25	4	14	4	3	132	6
Rajin Saleh (BAN)
2003-2008	24	46	2	1141	89	25.93	3182	35.85	0	18	7	8	138	5
IK Pathan (IND)
2003-2008	29	40	5	1105	102	31.57	2076	53.22	1	15	6	5	131	18
Faisal Iqbal (PAK)
2001-2009	25	42	2	1090	139	27.25	2450	44.48	1	14	8	4	132	5
ADR Campbell (ZIM)
2000-2002	21	39	2	1085	103	29.32	2597	41.77	2	13	7	4	133	2
Mohammad Rafique (BAN)
2000-2008	33	63	6	1059	111	18.57	1630	64.96	1	12	4	8	110	34
HAPW Jayawardene (SL)
2000-2009	30	40	6	1044	154*	30.70	2158	48.37	2	14	2	5	108	5
Misbah-ul-Haq (PAK)
2001-2009	18	31	3	997	161*	35.60	2573	38.74	2	11	4	3	106	8
JN Gillespie (AUS)
2000-2006	57	71	19	985	201*	18.94	3010	32.72	1	8	2	10	126	8
KD Karthik (IND)
2004-2009	22	35	1	973	129	28.61	1955	49.76	1	10	7	1	128	4
SR Watson (AUS)
2005-2009	15	25	1	973	120*	40.54	1930	50.41	1	15	7	1	134	2
L Klusener (SA)
2000-2004	24	36	6	952	118*	31.73	1787	53.27	2	10	5	2	104	10
PA de Silva (SL)
2000-2002	14	24	0	939	206	39.12	1955	48.03	3	11	1	1	119	3
Z Khan (IND)
2000-2009	68	89	22	904	75	13.49	1770	51.07	0	9	3	18	100	17
PA Jaques (AUS)
2005-2008	11	19	0	902	150	47.47	1663	54.23	3	11	6	1	99	3
JD Ryder (NZ)
2008-2009	11	20	2	898	201	49.88	1618	55.50	2	11	4	1	103	3
MJ Slater (AUS)
2000-2001	16	28	2	887	143	34.11	1561	56.82	1	10	5	0	117	4
AM Blignaut (ZIM)
2001-2005	19	36	3	886	92	26.84	1292	68.57	0	13	6	6	102	23
C White (ENG)
2000-2002	22	38	7	886	121	28.58	1883	47.05	1	9	4	6	97	12
MG Johnson (AUS)
2007-2009	30	39	8	875	123*	28.22	1444	60.59	1	9	4	5	109	16
GJ Whittall (ZIM)
2000-2002	15	28	3	839	188*	33.56	1839	45.62	2	7	3	2	103	3
SM Warnapura (SL)
2007-2009	14	24	1	821	120	35.69	1412	58.14	2	11	7	5	98	2
Shahriar Nafees (BAN)
2005-2008	15	30	0	810	138	27.00	1499	54.03	1	10	4	2	117	1
SCJ Broad (ENG)
2007-2009	24	34	6	804	76	28.71	1326	60.63	0	11	5	2	107	5
Mashrafe Mortaza (BAN)
2001-2009	36	67	5	797	79	12.85	1186	67.20	0	7	3	12	95	22
CB Wishart (ZIM)
2000-2005	15	28	0	796	114	28.42	1525	52.19	1	10	3	3	96	11
H Masakadza (ZIM)
2001-2005	15	30	1	785	119	27.06	1786	43.95	1	9	3	5	107	4
RWT Key (ENG)
2002-2005	15	26	1	775	221	31.00	1639	47.28	1	8	3	2	97	2
M Muralidaran (ICC/SL)
2000-2009	84	101	30	775	67	10.91	1019	76.05	0	5	1	21	85	25
JM How (NZ)
2006-2009	19	35	1	772	92	22.70	1530	50.45	0	10	4	4	104	2
AJ Hall (SA)
2002-2007	21	33	4	760	163	26.20	1650	46.06	1	8	3	7	96	4
BP Nash (WI)
2008-2009	12	19	0	747	109	39.31	1823	40.97	1	9	6	0	97	2
SJ Harmison (ENG/ICC)
2002-2009	63	86	23	743	49*	11.79	1299	57.19	0	7	0	21	97	10
Rashid Latif (PAK)
2001-2003	15	23	4	722	150	38.00	1331	54.24	1	8	4	1	86	3
Asim Kamal (PAK)
2003-2005	12	20	1	717	99	37.73	1518	47.23	0	10	8	2	104	6
Shakib Al Hasan (BAN)
2007-2009	14	26	2	715	96*	29.79	1337	53.47	0	11	3	2	90	2
WU Tharanga (SL)
2005-2007	15	26	1	713	165	28.52	1440	49.51	1	9	3	4	99	5
MJ North (AUS)
2009-2009	11	18	1	701	125*	41.23	1475	47.52	3	7	3	2	82	1
SL Campbell (WI)
2000-2002	16	30	1	698	82	24.06	1846	37.81	0	8	6	1	91	4
TR Gripper (ZIM)
2000-2004	16	30	1	695	112	23.96	2014	34.50	1	9	4	4	83	2
Moin Khan (PAK)
2000-2004	19	27	2	692	137	27.68	1278	54.14	1	7	2	0	86	6
M Ntini (SA)
2000-2009	97	111	41	690	32*	9.85	1406	49.07	0	1	0	20	103	8
DR Flynn (NZ)
2008-2009	16	29	5	689	95	28.70	1698	40.57	0	9	4	4	89	3
JC Adams (WI)
2000-2001	15	27	5	686	101*	31.18	2392	28.67	1	8	3	3	50	0
Saeed Anwar (PAK)
2000-2001	11	16	0	686	123	42.87	1375	49.89	2	8	4	0	86	4
Al Sahariar (BAN)
2000-2003	15	30	0	683	71	22.76	1329	51.39	0	8	4	2	99	4
PA Patel (IND)
2002-2008	20	30	7	683	69	29.69	1527	44.72	0	9	4	4	93	0
Mushfiqur Rahim (BAN)
2005-2009	16	31	2	679	80	23.41	1584	42.86	0	10	4	3	86	5
Mohammad Hafeez (PAK)
2003-2007	11	21	1	677	104	33.85	1490	45.43	2	8	3	0	89	3
Hannan Sarkar (BAN)
2002-2004	17	33	0	662	76	20.06	1419	46.65	0	9	5	5	90	0
HJH Marshall (NZ)
2000-2006	13	19	2	652	160	38.35	1378	47.31	2	5	2	1	83	3
MR Ramprakash (ENG)
2000-2002	14	25	0	649	133	25.96	1423	45.60	1	8	2	2	83	4
JEC Franklin (NZ)
2001-2009	26	36	6	644	122*	21.46	1671	38.53	1	5	2	6	68	4
JE Taylor (WI)
2003-2009	29	46	6	629	106	15.72	1083	58.07	1	3	1	5	88	12
M Kaif (IND)
2000-2006	13	22	3	624	148*	32.84	1548	40.31	1	6	3	1	64	2
AC Parore (NZ)
2000-2002	20	30	9	616	110	29.33	1604	38.40	1	9	1	2	66	8
Tamim Iqbal (BAN)
2008-2009	12	22	0	608	128	27.63	1315	46.23	1	7	2	2	87	1
Alok Kapali (BAN)
2002-2006	17	34	1	584	85	17.69	1201	48.62	0	6	2	6	80	3
RS Morton (WI)
2005-2008	15	27	1	573	70*	22.03	1192	48.07	0	8	4	1	79	7
UDU Chandana (SL)
2000-2005	14	21	1	561	92	28.05	1087	51.60	0	6	2	0	68	5
AB Agarkar (IND)
2000-2006	23	33	5	543	109*	19.39	985	55.12	1	9	0	6	78	3
MF Maharoof (SL)
2004-2007	20	31	4	538	72	19.92	1345	40.00	0	6	3	0	66	3
LPC Silva (SL)
2006-2008	11	17	1	537	152*	33.56	854	62.88	1	8	2	3	68	1
Aminul Islam (BAN)
2000-2002	13	26	1	530	145	21.20	1520	34.86	1	4	2	3	50	0
NT Paranavitana (SL)
2009-2009	10	18	0	530	73	29.44	1035	51.20	0	8	4	2	68	0
Junaid Siddique (BAN)
2008-2009	12	23	0	526	78	22.86	1257	41.84	0	5	4	2	64	1
Saqlain Mushtaq (PAK)
2000-2004	25	40	7	525	101*	15.90	1827	28.73	1	6	0	4	44	7
S Ramesh (IND)
2000-2001	10	19	0	524	61	27.57	1236	42.39	0	10	3	2	56	0
Nafees Iqbal (BAN)
2004-2006	11	22	0	518	121	23.54	1332	38.88	1	7	2	2	72	1
Aftab Ahmed (BAN)
2004-2008	14	27	3	514	82*	21.41	1020	50.39	0	4	1	4	69	3
MD Bell (NZ)
2001-2008	10	17	1	508	107	31.75	1098	46.26	2	5	2	4	80	0
RO Hinds (WI)
2002-2009	15	25	1	505	84	21.04	1245	40.56	0	6	2	1	61	2
BJ Hodge (AUS)
2005-2008	6	11	2	503	203*	55.88	965	52.12	1	4	2	0	60	1
RS Bopara (ENG)
2007-2009	10	15	0	502	143	33.46	936	53.63	3	5	0	4	64	2
RS Kaluwitharana (SL)
2000-2004	16	28	1	501	76	18.55	853	58.73	0	8	2	2	68	2
Shoaib Akhtar (PAK)
2000-2007	33	49	7	474	47	11.28	1111	42.66	0	4	0	9	47	22
Wasim Akram (PAK)
2000-2002	13	17	3	474	100	33.85	846	56.02	1	5	2	2	49	9
MJ Hoggard (ENG)
2000-2008	67	92	27	473	38	7.27	2090	22.63	0	2	0	19	42	0
PJ Hughes (AUS)
2009-2009	5	9	0	472	160	52.44	806	58.56	2	6	1	1	61	6
TG McIntosh (NZ)
2008-2009	10	19	2	472	136	27.76	1356	34.80	1	6	2	3	59	1
JP Crawley (ENG)
2002-2003	8	14	4	471	100*	47.10	1130	41.68	1	7	2	1	52	0
SB Bangar (IND)
2001-2002	12	18	2	470	100*	29.37	1447	32.48	1	6	3	2	57	3
M Dillon (WI)
2000-2004	31	55	2	465	43	8.77	1237	37.59	0	2	0	20	64	5
GP Swann (ENG)
2008-2009	14	17	4	463	85	35.61	562	82.38	0	6	4	1	59	5
JP Duminy (SA)
2008-2009	8	14	2	460	166	38.33	1146	40.13	1	4	3	1	54	2
Mohammad Sami (PAK)
2001-2007	33	51	13	458	49	12.05	1495	30.63	0	3	0	8	50	4
Umar Akmal (PAK)
2009-2009	4	8	0	457	129	57.12	687	66.52	1	6	4	1	58	8
JM Anderson (ENG)
2003-2009	44	59	28	452	34	14.58	1221	37.01	0	1	0	1	54	1
TR Ambrose (ENG)
2008-2009	11	16	1	447	102	29.80	963	46.41	1	6	3	2	55	4
TJ Friend (ZIM)
2001-2004	13	19	4	447	81	29.80	1020	43.82	0	7	3	4	54	3
DW Steyn (SA)
2004-2009	34	43	8	443	76	12.65	1010	43.86	0	3	1	6	46	9
CD Cumming (NZ)
2005-2008	11	19	2	441	74	25.94	1265	34.86	0	7	1	1	56	2
A Chopra (IND)
2003-2004	10	19	0	437	60	23.00	1263	34.60	0	8	2	1	49	0
BRM Taylor (ZIM)
2004-2005	10	20	0	422	78	21.10	918	45.96	0	6	3	1	60	2
CK Kapugedera (SL)
2006-2009	8	15	3	418	96	34.83	786	53.18	0	6	4	1	48	7
MA Vermeulen (ZIM)
2002-2004	8	16	0	414	118	25.87	836	49.52	1	5	2	3	55	2
A Ranatunga (SL)
2000-2000	7	12	2	410	88	41.00	818	50.12	0	5	4	0	57	1
DBL Powell (WI)
2002-2009	37	57	5	407	36*	7.82	1141	35.67	0	1	0	15	50	4
Waqar Younis (PAK)
2000-2003	29	42	3	399	39	10.23	778	51.28	0	1	0	9	52	11
M van Jaarsveld (SA)
2002-2004	9	15	2	397	73	30.53	835	47.54	0	6	3	0	56	0
GJ Rennie (ZIM)
2000-2002	9	18	0	396	93	22.00	1090	36.33	0	6	2	2	47	0
PL Harris (SA)
2007-2009	26	37	4	391	46	11.84	1133	34.51	0	5	0	6	41	1
VC Drakes (WI)
2002-2004	12	20	2	386	67	21.44	819	47.13	0	4	1	2	54	7
Tapash Baisya (BAN)
2002-2005	21	40	6	384	66	11.29	769	49.93	0	3	2	9	47	2
AD Mathews (SL)
2009-2009	7	11	1	379	99	37.90	635	59.68	0	5	2	0	47	4
Saleem Elahi (PAK)
2000-2003	9	17	1	379	72	23.68	959	39.52	0	6	1	4	44	2
GA Hick (ENG)
2000-2001	11	20	0	378	101	18.90	911	41.49	1	4	1	5	41	0
GD McGrath (AUS)
2000-2007	66	66	28	355	61	9.34	815	43.55	0	1	1	14	32	1
AR Caddick (ENG)
2000-2003	34	51	7	353	49*	8.02	979	36.05	0	1	0	11	41	2
S Matsikenyeri (ZIM)
2003-2005	8	16	1	351	57	23.40	694	50.57	0	4	2	0	46	3
Imran Nazir (PAK)
2000-2002	7	11	0	350	131	31.81	611	57.28	2	3	0	3	51	3
DR Tuffey (NZ)
2000-2009	24	33	8	349	80*	13.96	863	40.44	0	3	1	5	36	3
Sanuar Hossain (BAN)
2001-2003	9	18	0	345	49	19.16	743	46.43	0	6	0	1	40	0
D Dasgupta (IND)
2001-2002	8	13	1	344	100	28.66	1126	30.55	1	5	2	2	40	1
D Gough (ENG)
2000-2003	24	35	10	341	39*	13.64	724	47.09	0	2	0	4	44	3
A Nel (SA)
2001-2008	36	42	8	337	34	9.91	731	46.10	0	2	0	11	40	5
M Morkel (SA)
2006-2009	19	26	2	336	40	14.00	760	44.21	0	3	0	4	51	0
MJ Horne (NZ)
2000-2003	11	20	0	335	110	16.75	995	33.66	1	4	0	3	38	1
MJ Guptill (NZ)
2009-2009	8	14	0	329	60	23.50	663	49.62	0	4	1	2	48	4
TM Dowlin (WI)
2009-2009	4	8	0	328	95	41.00	695	47.19	0	4	3	0	40	1
MW Goodwin (ZIM)
2000-2000	4	8	2	328	148*	54.66	664	49.39	2	2	0	0	36	0
CMW Read (ENG)
2003-2007	12	19	4	322	55	21.46	793	40.60	0	5	1	3	32	4
DR Smith (WI)
2004-2006	10	14	1	320	105*	24.61	457	70.02	1	4	0	4	47	6
OAC Banks (WI)
2003-2005	10	16	4	318	50*	26.50	817	38.92	0	5	1	1	42	2
PJ Wiseman (NZ)
2000-2005	17	22	5	318	36	18.70	764	41.62	0	2	0	1	39	4
PG Fulton (NZ)
2006-2009	10	16	1	314	75	20.93	719	43.67	0	2	1	2	42	6
AJ Bichel (AUS)
2000-2003	16	17	1	308	71	19.25	442	69.68	0	5	1	2	46	2
AJ Redmond (NZ)
2008-2008	7	14	1	299	83	23.00	785	38.08	0	3	2	1	42	2
RJ Sidebottom (ENG)
2001-2009	21	29	11	298	31	16.55	880	33.86	0	1	0	2	35	0
Danish Kaneria (PAK)
2000-2009	56	75	32	293	29	6.81	606	48.34	0	0	0	24	41	2
DJG Sammy (WI)
2007-2009	8	15	0	291	48	19.40	540	53.88	0	4	0	2	36	2
KD Mills (NZ)
2004-2009	19	30	5	289	57	11.56	749	38.58	0	2	1	5	37	3
AFG Griffith (WI)
2000-2000	9	17	1	280	54*	17.50	826	33.89	0	3	2	3	31	0
NM Hauritz (AUS)
2004-2009	11	15	3	280	75	23.33	570	49.12	0	3	2	1	33	1
IJL Trott (ENG)
2009-2009	3	5	0	275	119	55.00	634	43.37	1	3	1	0	29	0
OA Shah (ENG)
2006-2009	6	10	0	269	88	26.90	642	41.90	0	4	2	0	35	3
Umar Gul (PAK)
2003-2009	24	32	2	269	46	8.96	622	43.24	0	2	0	6	30	9
Khaled Mahmud (BAN)
2001-2003	12	23	1	266	45	12.09	455	58.46	0	2	0	4	30	3
SM Ervine (ZIM)
2003-2004	5	8	0	261	86	32.62	471	55.41	0	4	3	1	32	2
RG Hart (NZ)
2002-2003	11	19	3	260	57*	16.25	1012	25.69	0	2	1	4	18	0
Akram Khan (BAN)
2000-2003	8	16	0	259	44	16.18	686	37.75	0	3	0	0	29	3
Manjural Islam Rana (BAN)
2004-2004	6	11	1	257	69	25.70	692	37.13	0	5	1	2	30	1
J Mubarak (SL)
2002-2007	10	17	1	254	48	15.87	614	41.36	0	3	0	3	34	1
SJ Benn (WI)
2008-2009	12	20	2	251	35	13.94	441	56.91	0	2	0	4	27	6
Fawad Alam (PAK)
2009-2009	3	6	0	250	168	41.66	441	56.68	1	1	0	0	23	1
Khurram Manzoor (PAK)
2009-2009	6	10	1	249	93	27.66	575	43.30	0	3	2	0	30	0
SR Clark (AUS)
2006-2009	24	26	7	248	39	13.05	354	70.05	0	4	0	5	21	6
FH Edwards (WI)
2003-2009	43	69	21	248	21	5.16	969	25.59	0	0	0	18	32	2
MHW Papps (NZ)
2004-2007	8	16	1	246	86	16.40	696	35.34	0	2	2	4	37	0
KMDN Kulasekara (SL)
2005-2009	11	16	1	245	64	16.33	541	45.28	0	2	1	2	34	4
XM Marshall (WI)
2005-2009	7	12	0	243	85	20.25	488	49.79	0	3	2	1	37	2
Mehrab Hossain jnr (BAN)
2007-2009	7	13	1	243	83	20.25	476	51.05	0	2	1	1	32	1
Mehrab Hossain (BAN)
2000-2003	9	18	0	241	71	13.38	738	32.65	0	1	1	2	26	0
Naved-ul-Hasan (PAK)
2004-2007	9	15	3	239	42*	19.91	284	84.15	0	4	0	2	32	5
J Srinath (IND)
2000-2002	24	30	5	238	46	9.52	531	44.82	0	3	0	8	27	4
ML Love (AUS)
2002-2003	5	8	3	233	100*	46.60	476	48.94	1	3	1	2	17	0
Mushfiqur Rahman (BAN)
2001-2004	10	19	2	232	46*	13.64	755	30.72	0	3	0	5	23	0
MS Kasprowicz (AUS)
2001-2006	22	33	8	231	23	9.24	498	46.38	0	0	0	3	23	2
Shahadat Hossain (BAN)
2005-2009	23	43	13	231	33	7.70	597	38.69	0	2	0	7	32	1
DG Cork (ENG)
2000-2002	10	14	2	230	52	19.16	435	52.87	0	3	1	2	32	3
Raqibul Hasan (BAN)
2008-2009	5	10	0	229	65	22.90	519	44.12	0	2	1	1	30	1
JS Foster (ENG)
2001-2002	7	12	3	226	48	25.11	654	34.55	0	2	0	1	27	1
D Mohammed (WI)
2004-2006	5	8	1	225	52	32.14	314	71.65	0	4	1	0	32	6
S Sreesanth (IND)
2006-2009	16	23	7	225	35	14.06	350	64.28	0	1	0	5	30	4
PR Adams (SA)
2000-2004	17	24	7	221	35	13.00	644	34.31	0	1	0	2	20	3
PT Collins (WI)
2001-2006	29	42	7	221	24	6.31	625	35.36	0	0	0	11	28	0
IE O'Brien (NZ)
2005-2009	22	34	5	219	31	7.55	569	38.48	0	1	0	8	29	1
JAH Marshall (NZ)
2005-2008	7	11	0	218	52	19.81	558	39.06	0	2	1	2	29	0
RW Price (ZIM)
2001-2004	17	28	7	218	36	10.38	658	33.13	0	2	0	4	34	0
DNT Zoysa (SL)
2000-2004	22	30	5	218	28*	8.72	551	39.56	0	0	0	6	21	4
PM Siddle (AUS)
2008-2009	15	20	5	217	35	14.46	400	54.25	0	1	0	6	28	1
JN Rhodes (SA)
2000-2000	4	7	1	211	63*	35.16	454	46.47	0	3	2	0	19	1
Naimur Rahman (BAN)
2000-2002	8	15	1	210	48	15.00	458	45.85	0	2	0	1	31	0
HDPK Dharmasena (SL)
2000-2004	11	16	2	208	54	14.85	684	30.40	0	2	1	1	23	0
N Deonarine (WI)
2005-2009	5	8	1	207	82	29.57	545	37.98	0	2	1	0	24	3
Hasan Raza (PAK)
2002-2005	5	8	1	205	68	29.28	534	38.38	0	3	2	1	34	0
SP Jones (ENG)
2002-2005	18	18	5	205	44	15.76	395	51.89	0	1	0	3	29	3
HMRKB Herath (SL)
2000-2009	19	26	4	204	33*	9.27	534	38.20	0	1	0	6	25	0
DE Bernard (WI)
2003-2009	3	6	1	202	69	40.40	380	53.15	0	3	3	0	18	3
FA Rose (WI)
2000-2000	6	10	0	202	69	20.20	376	53.72	0	2	1	0	30	2
A McGrath (ENG)
2003-2003	4	5	0	201	81	40.20	402	50.00	0	3	2	0	27	1
CRD Fernando (SL)
2000-2009	33	40	13	198	36*	7.33	625	31.68	0	1	0	7	22	1
CS Baugh (WI)
2003-2004	5	10	0	196	68	19.60	347	56.48	0	2	1	0	26	1
TL Best (WI)
2003-2009	14	23	3	196	27	9.80	403	48.63	0	0	0	4	23	2
CZ Harris (NZ)
2002-2002	4	8	0	195	71	24.37	498	39.15	0	3	1	2	24	1
SL Malinga (SL)
2004-2007	28	34	13	192	42*	9.14	503	38.17	0	1	0	9	24	4
Mohammad Wasim (PAK)
2000-2000	5	8	0	191	82	23.87	483	39.54	0	2	1	0	15	0
E Chigumbura (ZIM)
2004-2005	6	12	0	187	71	15.58	466	40.12	0	3	1	5	28	3
ML Nkala (ZIM)
2000-2005	10	15	2	187	47	14.38	452	41.37	0	2	0	4	23	1
MS Panesar (ENG)
2006-2009	39	51	17	187	26	5.50	635	29.44	0	0	0	14	20	1
DA Marillier (ZIM)
2000-2002	5	7	1	186	73	31.00	437	42.56	0	2	2	0	16	2
SCG MacGill (AUS)
2000-2008	32	29	10	185	29	9.73	298	62.08	0	0	0	6	25	0
MV Nagamootoo (WI)
2000-2002	5	8	1	185	68	26.42	352	52.55	0	2	1	0	22	3
GB Hogg (AUS)
2003-2008	6	8	3	181	79	36.20	335	54.02	0	2	1	0	14	2
NAM McLean (WI)
2000-2001	11	20	1	181	46	9.52	399	45.36	0	1	0	6	23	3
CD Collymore (WI)
2003-2007	29	50	26	180	16*	7.50	582	30.92	0	0	0	11	17	0
Enamul Haque (BAN)
2001-2003	10	19	4	180	24*	12.00	520	34.61	0	0	0	3	25	1
SE Bond (NZ)
2001-2009	18	20	7	168	41*	12.92	432	38.88	0	1	0	1	20	4
RJ Peterson (SA)
2003-2008	6	7	1	163	61	27.16	227	71.80	0	2	1	0	19	1
A Ratra (IND)
2002-2002	6	10	1	163	115*	18.11	533	30.58	1	1	0	1	14	0
CM Spearman (NZ)
2000-2000	6	12	0	163	38	13.58	529	30.81	0	2	0	1	21	0
Imrul Kayes (BAN)
2008-2009	6	12	0	161	33	13.41	416	38.70	0	2	0	0	22	0
M Vijay (IND)
2008-2009	2	3	0	161	87	53.66	255	63.13	0	3	1	0	17	1
OJ Phillips (WI)
2009-2009	2	4	0	160	94	40.00	312	51.28	0	1	1	0	16	0
Z de Bruyn (SA)
2004-2004	3	5	1	155	83	38.75	409	37.89	0	2	1	0	12	3
Mohammad Amir (PAK)
2009-2009	7	14	3	153	26	13.90	506	30.23	0	0	0	1	17	1
SC Joseph (WI)
2004-2007	5	10	0	147	45	14.70	389	37.78	0	1	0	1	20	1
NB Mahwire (ZIM)
2002-2005	10	17	6	147	50*	13.36	346	42.48	0	2	1	2	21	2
CL White (AUS)
2008-2008	4	7	2	146	46	29.20	330	44.24	0	2	0	0	15	1
GJ Batty (ENG)
2003-2005	7	8	1	144	38	20.57	533	27.01	0	1	0	1	15	2
CEL Ambrose (WI)
2000-2000	10	16	2	142	36*	10.14	307	46.25	0	1	0	4	13	2
I Sharma (IND)
2007-2009	19	25	12	142	23	10.92	456	31.14	0	0	0	7	15	0
SS Dighe (IND)
2001-2001	6	10	1	141	47	15.66	368	38.31	0	1	0	1	19	0
AB Barath (WI)
2009-2009	2	4	0	139	104	34.75	227	61.23	1	1	0	0	25	0
Shahid Nazir (PAK)
2006-2007	7	10	1	139	40	15.44	239	58.15	0	1	0	2	15	2
CO Browne (WI)
2001-2005	7	10	0	137	68	13.70	299	45.81	0	1	1	2	13	4
NV Knight (ENG)
2000-2001	5	9	0	134	44	14.88	431	31.09	0	2	0	1	10	0
TCB Fernando (SL)
2001-2002	9	8	3	132	45	26.40	332	39.75	0	2	0	1	15	0
JS Patel (NZ)
2006-2009	9	12	2	131	27*	13.10	301	43.52	0	0	0	1	13	0
Abdur Razzak (BAN)
2006-2008	5	9	3	129	33	21.50	218	59.17	0	2	0	1	21	0
BC Strang (ZIM)
2000-2001	7	12	2	129	37*	12.90	200	64.50	0	1	0	1	19	0
IJ Ward (ENG)
2001-2001	5	9	1	129	39	16.12	316	40.82	0	1	0	1	8	0
T Panyangara (ZIM)
2004-2005	3	6	2	128	40*	32.00	187	68.44	0	2	0	0	17	2
S Chattergoon (WI)
2008-2008	4	7	0	127	46	18.14	289	43.94	0	1	0	0	16	0
TG Southee (NZ)
2008-2009	6	10	2	127	77*	15.87	163	77.91	0	1	1	2	8	12
RDB Croft (ENG)
2000-2001	6	10	2	126	33*	15.75	388	32.47	0	1	0	1	14	0
LE Plunkett (ENG)
2005-2007	9	13	2	126	44*	11.45	318	39.62	0	1	0	6	16	0
HMCM Bandara (SL)
2005-2006	7	9	2	124	43	17.71	232	53.44	0	1	0	1	14	2
BA Murphy (ZIM)
2000-2001	11	15	3	123	30	10.25	473	26.00	0	1	0	3	17	0
Mohammad Sharif (BAN)
2001-2007	10	20	3	122	24*	7.17	282	43.26	0	0	0	7	10	4
AA Donald (SA)
2000-2002	13	19	6	120	37	9.23	362	33.14	0	1	0	4	13	0
SB Joshi (IND)
2000-2000	3	2	0	119	92	59.50	198	60.10	0	1	1	0	13	1
BGK Walker (NZ)
2000-2002	5	8	2	118	27*	19.66	478	24.68	0	0	0	1	10	0
RKJ Dawson (ENG)
2001-2003	7	13	3	114	19*	11.40	363	31.40	0	0	0	0	14	0
M Azharuddin (IND)
2000-2000	1	2	0	111	102	55.50	203	54.67	1	1	0	0	14	2
HK Olonga (ZIM)
2000-2002	14	22	4	111	22*	6.16	410	27.07	0	0	0	7	11	2
SD Udal (ENG)
2005-2006	4	7	1	109	33*	18.16	214	50.93	0	1	0	1	14	1
GM Ewing (ZIM)
2003-2005	3	6	0	108	71	18.00	174	62.06	0	2	1	2	14	1
DM Richards (WI)
2009-2009	2	4	0	108	69	27.00	142	76.05	0	1	1	0	16	3
AB McDonald (AUS)
2009-2009	4	6	1	107	68	21.40	217	49.30	0	1	1	1	11	0
NC Johnson (ZIM)
2000-2000	4	7	0	106	51	15.14	235	45.10	0	1	1	2	13	0
CA Walsh (WI)
2000-2001	20	32	9	102	22	4.43	281	36.29	0	0	0	8	8	2
NR Mongia (IND)
2000-2001	4	7	2	99	28	19.80	191	51.83	0	0	0	1	11	2
MN Nawaz (SL)
2002-2002	1	2	1	99	78*	99.00	192	51.56	0	1	1	0	11	0
Shahriar Hossain (BAN)
2000-2004	3	5	0	99	48	19.80	238	41.59	0	2	0	0	14	0
DA Gunawardene (SL)
2001-2005	4	7	0	97	25	13.85	212	45.75	0	0	0	0	18	0
Hasibul Hossain (BAN)
2000-2001	5	10	1	97	31	10.77	124	78.22	0	1	0	2	10	3
IDR Bradshaw (WI)
2006-2006	5	8	1	96	33	13.71	356	26.96	0	1	0	1	11	0
R Clarke (ENG)
2003-2003	2	3	0	96	55	32.00	253	37.94	0	1	1	0	8	1
HK Badani (IND)
2001-2001	4	7	1	94	38	15.66	248	37.90	0	1	0	0	11	1
KS Lokuarachchi (SL)
2003-2004	4	5	1	94	28*	23.50	162	58.02	0	0	0	0	14	1
CR Miller (AUS)
2000-2001	7	10	1	94	37*	10.44	176	53.40	0	1	0	2	4	5
Yasir Arafat (PAK)
2007-2009	3	3	1	94	50*	47.00	201	46.76	0	2	1	1	9	2
PA Strang (ZIM)
2000-2001	4	7	3	92	38*	23.00	255	36.07	0	1	0	1	10	2
RP Singh (IND)
2006-2008	13	17	3	91	30	6.50	250	36.40	0	1	0	6	11	1
SC Williams (WI)
2002-2002	3	5	1	91	43	22.75	146	62.32	0	1	0	0	17	0
KM Dabengwa (ZIM)
2005-2005	3	6	0	90	35	15.00	140	64.28	0	1	0	1	14	2
BG Rogers (ZIM)
2005-2005	4	8	0	90	29	11.25	232	38.79	0	0	0	2	14	0
T Thushara (SL)
2003-2009	9	13	2	90	15*	8.18	197	45.68	0	0	0	3	12	0
Azhar Mahmood (PAK)
2000-2001	3	5	0	89	37	17.80	163	54.60	0	1	0	1	12	0
Tushar Imran (BAN)
2002-2007	5	10	0	89	28	8.90	263	33.84	0	0	0	3	12	0
CK Coventry (ZIM)
2005-2005	2	4	0	88	37	22.00	93	94.62	0	1	0	0	14	1
M Kartik (IND)
2000-2004	8	10	1	88	43	9.77	231	38.09	0	1	0	2	11	0
Shabbir Ahmed (PAK)
2003-2005	10	15	5	88	24*	8.80	234	37.60	0	0	0	4	10	0
DJ Nash (NZ)
2000-2001	2	2	1	87	62	87.00	197	44.16	0	1	1	0	8	1
LMP Simmons (WI)
2009-2009	3	6	0	87	24	14.50	227	38.32	0	0	0	0	10	1
ET Smith (ENG)
2003-2003	3	5	0	87	64	17.40	172	50.58	0	1	1	2	15	0
GD Elliott (NZ)
2008-2009	5	9	1	86	25	10.75	322	26.70	0	0	0	1	3	0
IDK Salisbury (ENG)
2000-2000	3	3	1	84	33	42.00	315	26.66	0	2	0	0	6	0
U Afzaal (ENG)
2001-2001	3	6	1	83	54	16.60	137	60.58	0	1	1	0	12	0
DT Hondo (ZIM)
2001-2005	9	15	6	83	19	9.22	338	24.55	0	0	0	1	11	0
CS Martin (NZ)
2000-2009	53	77	40	83	12*	2.24	443	18.73	0	0	0	27	12	0
M Zondeki (SA)
2003-2008	6	5	0	82	59	16.40	226	36.28	0	1	1	1	12	0
SI Mahmood (ENG)
2006-2007	8	11	1	81	34	8.10	161	50.31	0	1	0	3	10	0
Manjural Islam (BAN)
2001-2004	17	33	11	81	21	3.68	374	21.65	0	0	0	10	6	0
T Duffin (ZIM)
2005-2005	2	4	0	80	56	20.00	179	44.69	0	1	1	0	12	0
JM Kemp (SA)
2001-2005	4	6	0	80	55	13.33	250	32.00	0	1	1	2	11	0
D Ramnarine (WI)
2001-2002	9	17	4	79	35*	6.07	309	25.56	0	1	0	6	10	0
BJ Watling (NZ)
2009-2009	1	2	1	78	60*	78.00	131	59.54	0	1	1	0	10	1
A Nehra (IND)
2001-2004	16	25	11	77	19	5.50	256	30.07	0	0	0	10	8	3
IG Butler (NZ)
2002-2004	8	10	2	76	26	9.50	163	46.62	0	0	0	2	10	1
Mohammad Asif (PAK)
2005-2009	15	24	8	75	12*	4.68	292	25.68	0	0	0	9	8	0
TN Madondo (ZIM)
2000-2000	1	1	1	74	74*	-	155	47.74	0	1	1	0	8	0
A Maregwede (ZIM)
2004-2004	2	4	0	74	28	18.50	136	54.41	0	0	0	1	10	2
A Mishra (IND)
2008-2009	6	7	2	73	24	14.60	114	64.03	0	0	0	1	9	1
A Sanford (WI)
2002-2004	11	17	2	72	18*	4.80	328	21.95	0	0	0	2	7	2
JJ Krejza (AUS)
2008-2008	2	4	1	71	32	23.66	146	48.63	0	2	0	0	8	0
NW Bracken (AUS)
2003-2005	5	6	2	70	37	17.50	112	62.50	0	1	0	0	7	0
GS Blewett (AUS)
2000-2000	3	5	0	69	25	13.80	300	23.00	0	0	0	1	5	0
SB Doull (NZ)
2000-2000	2	4	1	69	40	23.00	67	102.98	0	1	0	0	7	2
BW Hilfenhaus (AUS)
2009-2009	9	11	5	68	20	11.33	115	59.13	0	0	0	2	10	0
CP Schofield (ENG)
2000-2000	2	3	0	67	57	22.33	146	45.89	0	1	1	1	8	0
KTGD Prasad (SL)
2008-2009	4	4	0	66	36	16.50	121	54.54	0	1	0	0	8	0
KR Pushpakumara (SL)
2000-2001	4	6	1	66	44	13.20	141	46.80	0	1	0	1	7	3
CW Henderson (SA)
2001-2002	7	7	0	65	30	9.28	202	32.17	0	1	0	1	9	0
R Rampaul (WI)
2009-2009	3	6	2	65	40*	16.25	107	60.74	0	1	0	2	10	2
BAW Mendis (SL)
2008-2009	10	11	4	64	27	9.14	141	45.39	0	0	0	2	7	0
SB O'Connor (NZ)
2000-2001	9	11	2	64	20	7.11	306	20.91	0	0	0	3	5	0
RN Lewis (WI)
2006-2008	2	4	0	63	40	15.75	99	63.63	0	1	0	1	12	0
AJ Tudor (ENG)
2001-2002	7	10	1	63	21	7.00	239	26.35	0	0	0	1	8	0
NC McGarrell (WI)
2001-2001	4	6	2	61	33	15.25	215	28.37	0	1	0	1	10	0
RL Johnson (ENG)
2003-2003	3	4	0	59	26	14.75	101	58.41	0	0	0	0	6	3
RD King (WI)
2000-2005	16	21	6	59	12*	3.93	267	22.09	0	0	0	4	6	0
Shadab Kabir (PAK)
2002-2002	2	2	0	59	55	29.50	72	81.94	0	1	1	0	11	0
JA Morkel (SA)
2009-2009	1	1	0	58	58	58.00	71	81.69	0	1	1	0	10	1
JL Ontong (SA)
2002-2004	2	4	1	57	32	19.00	155	36.77	0	1	0	1	8	0
DP Viljoen (ZIM)
2000-2000	1	2	0	57	38	28.50	166	34.33	0	1	0	0	6	0
KADM Fernando (SL)
2003-2003	2	3	1	56	51*	28.00	129	43.41	0	1	1	0	8	0
M Hayward (SA)
2000-2004	14	15	6	56	14	6.22	163	34.35	0	0	0	3	8	0
MM Patel (IND)
2006-2009	12	13	5	56	15*	7.00	137	40.87	0	0	0	4	7	1
BA Parchment (WI)
2008-2008	2	4	0	55	20	13.75	164	33.53	0	0	0	0	5	0
Humayun Farhat (PAK)
2001-2001	1	2	0	54	28	27.00	64	84.37	0	0	0	0	6	3
Enamul Haque jnr (BAN)
2003-2009	14	24	15	53	13	5.88	257	20.62	0	0	0	3	6	0
Abdur Rauf (PAK)
2009-2009	3	6	0	52	31	8.66	168	30.95	0	1	0	2	4	0
CE Cuffy (WI)
2001-2002	12	18	7	52	15	4.72	226	23.00	0	0	0	5	5	0
Fahim Muntasir (BAN)
2002-2002	3	6	0	52	33	8.66	86	60.46	0	1	0	1	7	1
JJC Lawson (WI)
2002-2005	13	21	6	52	14	3.46	177	29.37	0	0	0	6	6	0
Talha Jubair (BAN)
2002-2004	7	14	6	52	31	6.50	97	53.60	0	1	0	6	9	1
L Balaji (IND)
2003-2005	8	9	0	51	31	5.66	126	40.47	0	1	0	4	5	1
Mushtaq Ahmed (PAK)
2000-2003	9	9	3	50	19	8.33	138	36.23	0	0	0	2	6	0
CT Tremlett (ENG)
2007-2007	3	5	1	50	25*	12.50	114	43.85	0	0	0	2	5	0
Mohammad Salim (BAN)
2003-2003	2	4	1	49	26	16.33	128	38.28	0	0	0	1	6	0
FL Reifer (WI)
2009-2009	2	4	0	48	25	12.00	129	37.20	0	0	0	0	4	0
V Sibanda (ZIM)
2003-2005	3	6	0	48	18	8.00	91	52.74	0	0	0	2	10	0
VRV Singh (IND)
2006-2007	5	6	2	47	29	11.75	42	111.90	0	0	0	0	9	0
TL Tsolekile (SA)
2004-2004	3	5	0	47	22	9.40	177	26.55	0	0	0	1	3	0
Aamer Sohail (PAK)
2000-2000	2	4	0	46	24	11.50	143	32.16	0	0	0	2	5	0
BKV Prasad (IND)
2000-2001	5	8	5	46	20	15.33	158	29.11	0	0	0	1	2	0
KAJ Roach (WI)
2009-2009	5	10	3	46	17	6.57	129	35.65	0	0	0	1	8	0
J Botha (SA)
2006-2008	2	2	1	45	25	45.00	137	32.84	0	0	0	0	4	0
Mahmudullah (BAN)
2009-2009	2	4	1	45	28	15.00	141	31.91	0	0	0	0	6	0
P Utseya (ZIM)
2004-2004	1	2	0	45	45	22.50	58	77.58	0	1	0	1	5	1
Naeem Islam (BAN)
2008-2008	2	4	0	44	19	11.00	132	33.33	0	0	0	0	6	0
Ijaz Ahmed (PAK)
2000-2001	3	5	0	43	17	8.60	144	29.86	0	0	0	0	3	1
Sarandeep Singh (IND)
2000-2002	3	2	1	43	39*	43.00	136	31.61	0	1	0	0	1	0
CJ Adams (ENG)
2000-2000	2	3	0	42	31	14.00	117	35.89	0	1	0	0	5	0
MKGCP Lakshitha (SL)
2002-2002	2	3	0	42	40	14.00	50	84.00	0	1	0	1	8	0
MRCN Bandaratilleke (SL)
2001-2001	3	3	1	41	25	20.50	79	51.89	0	0	0	0	3	0
RA Austin (WI)
2009-2009	2	4	0	39	19	9.75	216	18.05	0	0	0	1	4	0
SV Bahutule (IND)
2001-2001	2	4	1	39	21*	13.00	105	37.14	0	0	0	2	3	1
KHRK Fernando (SL)
2002-2002	2	4	0	38	24	9.50	79	48.10	0	0	0	2	8	0
J Ormond (ENG)
2001-2001	2	4	1	38	18	12.66	103	36.89	0	0	0	1	3	0
G Wijekoon (SL)
2005-2005	2	3	0	38	14	12.66	93	40.86	0	0	0	0	4	0
Fazl-e-Akbar (PAK)
2001-2004	3	5	2	37	25	12.33	90	41.11	0	0	0	1	7	0
DJ Pagon (WI)
2005-2005	2	3	0	37	35	12.33	98	37.75	0	1	0	1	7	0
Syed Rasel (BAN)
2005-2007	6	12	4	37	19	4.62	95	38.94	0	0	0	2	6	0
PC Strydom (SA)
2000-2000	2	3	0	35	30	11.66	62	56.45	0	1	0	0	5	0
Abdur Rehman (PAK)
2007-2007	2	3	1	34	25*	17.00	101	33.66	0	0	0	1	5	0
ASA Perera (SL)
2001-2001	2	3	0	34	18	11.33	71	47.88	0	0	0	0	6	0
Farhan Adil (PAK)
2003-2003	1	2	0	33	25	16.50	69	47.82	0	0	0	0	4	0
Bazid Khan (PAK)
2005-2005	1	2	0	32	23	16.00	47	68.08	0	0	0	0	5	0
GB Brent (ZIM)
2001-2001	2	3	0	32	25	10.66	106	30.18	0	0	0	1	2	0
RJ Kirtley (ENG)
2003-2003	4	7	1	32	12	5.33	129	24.80	0	0	0	0	1	1
Naved Ashraf (PAK)
2000-2000	1	2	0	32	27	16.00	104	30.76	0	0	0	0	4	0
PDRL Perera (SL)
2000-2002	7	8	5	32	11*	10.66	115	27.82	0	0	0	1	4	0
AG Cremer (ZIM)
2005-2005	6	12	1	29	12	2.63	194	14.94	0	0	0	4	0	0
Saeed Ajmal (PAK)
2009-2009	5	10	5	29	10	5.80	87	33.33	0	0	0	2	3	0
IR Siddiqui (IND)
2001-2001	1	2	1	29	24	29.00	30	96.66	0	0	0	0	3	1
CN Evans (ZIM)
2003-2003	1	2	0	27	22	13.50	80	33.75	0	0	0	0	4	0
LV Garrick (WI)
2001-2001	1	2	0	27	27	13.50	76	35.52	0	0	0	1	2	0
GJ Hopkins (NZ)
2008-2008	1	2	0	27	15	13.50	116	23.27	0	0	0	0	3	0
J Lewis (ENG)
2006-2006	1	2	0	27	20	13.50	45	60.00	0	0	0	0	5	0
GP Wickramasinghe (SL)
2000-2001	4	8	0	27	21	3.37	51	52.94	0	0	0	5	5	0
Atiq-uz-Zaman (PAK)
2000-2000	1	2	0	26	25	13.00	51	50.98	0	0	0	0	3	0
G Onions (ENG)
2009-2009	7	8	5	26	17*	8.66	77	33.76	0	0	0	3	3	0
RR Ramdass (WI)
2005-2005	1	2	0	26	23	13.00	51	50.98	0	0	0	0	3	0
Wajahatullah Wasti (PAK)
2000-2000	2	3	0	26	17	8.66	96	27.08	0	0	0	0	2	0
WJ Cronje (SA)
2000-2000	4	5	0	25	13	5.00	93	26.88	0	0	0	3	4	0
MR Gillespie (NZ)
2007-2008	3	5	1	25	16*	6.25	89	28.08	0	0	0	3	3	0
GC Tonge (WI)
2009-2009	1	2	1	25	23*	25.00	26	96.15	0	0	0	0	2	0
CEL Stuart (WI)
2000-2001	6	9	2	24	12*	3.42	142	16.90	0	0	0	2	3	0
LS Baker (WI)
2008-2009	4	6	4	23	17	11.50	55	41.81	0	0	0	1	3	0
SI de Saram (SL)
2000-2000	1	2	0	23	18	11.50	50	46.00	0	0	0	0	3	0
RA Jones (NZ)
2003-2003	1	2	0	23	16	11.50	91	25.27	0	0	0	0	1	0
RL Powell (WI)
2004-2004	1	1	0	23	23	23.00	39	58.97	0	0	0	0	3	0
CEW Silverwood (ENG)
2000-2002	3	4	3	23	10	23.00	35	65.71	0	0	0	0	2	0
BA Williams (AUS)
2003-2004	4	6	3	23	10*	7.66	41	56.09	0	0	0	1	0	1
Anwar Hossain Monir (BAN)
2003-2005	3	6	3	22	13	7.33	73	30.13	0	0	0	1	2	0
D Pretorius (SA)
2002-2003	4	4	1	22	9	7.33	41	53.65	0	0	0	1	4	0
Tareq Aziz (BAN)
2004-2004	3	6	4	22	10*	11.00	147	14.96	0	0	0	2	2	0
MI Black (WI)
2000-2002	6	11	3	21	6	2.62	126	16.66	0	0	0	4	1	0
NR Ferreira (ZIM)
2005-2005	1	2	0	21	16	10.50	99	21.21	0	0	0	0	2	0
GA Manou (AUS)
2009-2009	1	2	1	21	13*	21.00	39	53.84	0	0	0	0	3	0
DJ Pattinson (ENG)
2008-2008	1	2	0	21	13	10.50	50	42.00	0	0	0	0	3	0
F de Wet (SA)
2009-2009	1	1	0	20	20	20.00	67	29.85	0	0	0	0	3	0
I Khan (SA)
2009-2009	1	1	0	20	20	20.00	64	31.25	0	0	0	0	1	0
Naved Latif (PAK)
2002-2002	1	2	0	20	20	10.00	38	52.63	0	0	0	1	3	0
SW Tait (AUS)
2005-2008	3	5	2	20	8	6.66	46	43.47	0	0	0	0	4	0
MP Bicknell (ENG)
2003-2003	2	3	0	19	15	6.33	36	52.77	0	0	0	1	3	0
CJL Rogers (AUS)
2008-2008	1	2	0	19	15	9.50	27	70.37	0	0	0	0	4	0
UWMBCA Welegedara (SL)
2007-2009	4	4	1	19	8	6.33	42	45.23	0	0	0	0	3	0
AR Adams (NZ)
2002-2002	1	2	0	18	11	9.00	20	90.00	0	0	0	0	3	0
HH Kanitkar (IND)
2000-2000	1	2	0	18	10	9.00	86	20.93	0	0	0	0	2	0
RAP Nissanka (SL)
2003-2003	4	5	2	18	12*	6.00	83	21.68	0	0	0	2	2	0
Arshad Khan (PAK)
2000-2005	6	5	2	17	9*	5.66	118	14.40	0	0	0	1	2	0
CB Mpofu (ZIM)
2005-2005	6	12	6	17	7	2.83	100	17.00	0	0	0	3	2	0
Sohail Tanvir (PAK)
2007-2007	2	3	0	17	13	5.66	44	38.63	0	0	0	1	4	0
CK Langeveldt (SA)
2005-2006	6	4	2	16	10	8.00	52	30.76	0	0	0	1	3	0
SS Karim (IND)
2000-2000	1	1	0	15	15	15.00	46	32.60	0	0	0	0	2	0
T Mupariwa (ZIM)
2004-2004	1	2	1	15	14	15.00	45	33.33	0	0	0	0	2	0
W Mwayenga (ZIM)
2005-2005	1	2	1	15	14*	15.00	17	88.23	0	0	0	0	1	1
Anwar Hossain (BAN)
2002-2002	1	2	0	14	12	7.00	44	31.81	0	0	0	0	2	0
M Mbangwa (ZIM)
2000-2000	4	6	2	14	8	3.50	46	30.43	0	0	0	2	2	0
Sajedul Islam (BAN)
2008-2008	2	4	0	14	6	3.50	19	73.68	0	0	0	0	2	0
A Jadeja (IND)
2000-2000	1	2	0	13	12	6.50	72	18.05	0	0	0	0	1	0
RR Powar (IND)
2007-2007	2	2	0	13	7	6.50	18	72.22	0	0	0	0	2	0
CAK Walton (WI)
2009-2009	2	4	0	13	10	3.25	20	65.00	0	0	0	1	0	1
T Yohannan (IND)
2001-2002	3	4	4	13	8*	-	30	43.33	0	0	0	0	1	0
S Elworthy (SA)
2002-2002	2	2	0	11	6	5.50	24	45.83	0	0	0	0	2	0
BT Watambwa (ZIM)
2001-2002	6	8	5	11	4*	3.66	59	18.64	0	0	0	2	0	0
Kabir Ali (ENG)
2003-2003	1	2	0	10	9	5.00	28	35.71	0	0	0	0	1	0
B Casson (AUS)
2008-2008	1	1	0	10	10	10.00	44	22.72	0	0	0	0	1	0
AC Dawson (SA)
2003-2003	2	1	0	10	10	10.00	42	23.80	0	0	0	0	1	0
WRS de Silva (SL)
2002-2007	3	2	1	10	5*	10.00	38	26.31	0	0	0	0	2	0
CJ Drum (NZ)
2001-2002	5	5	2	10	4	3.33	91	10.98	0	0	0	1	1	0
ESH Giddins (ENG)
2000-2000	3	5	2	10	7	3.33	52	19.23	0	0	0	2	1	0
CJ McKay (AUS)
2009-2009	1	1	0	10	10	10.00	15	66.66	0	0	0	0	1	0
DT Mutendera (ZIM)
2000-2000	1	2	0	10	10	5.00	19	52.63	0	0	0	1	0	1
TT Bresnan (ENG)
2009-2009	2	1	0	9	9	9.00	16	56.25	0	0	0	0	1	0
Iftikhar Anjum (PAK)
2006-2006	1	1	1	9	9*	-	39	23.07	0	0	0	0	2	0
Mohammad Khalil (PAK)
2004-2005	2	4	1	9	5	3.00	65	13.84	0	0	0	1	2	0
Riaz Afridi (PAK)
2004-2004	1	1	0	9	9	9.00	12	75.00	0	0	0	0	2	0
PCR Tufnell (ENG)
2000-2001	2	4	1	9	7*	3.00	29	31.03	0	0	0	2	1	0
Alamgir Kabir (BAN)
2002-2004	3	5	1	8	4	2.00	86	9.30	0	0	0	2	1	0
S Kalavitigoda (SL)
2005-2005	1	2	0	8	7	4.00	54	14.81	0	0	0	0	1	0
Nazmul Hossain (BAN)
2004-2004	1	2	1	8	8*	8.00	9	88.88	0	0	0	1	2	0
MSK Prasad (IND)
2000-2000	1	2	0	8	5	4.00	44	18.18	0	0	0	0	1	0
N Chopra (IND)
2000-2000	1	2	0	7	4	3.50	70	10.00	0	0	0	0	0	0
Ehsanul Haque (BAN)
2002-2002	1	2	0	7	5	3.50	31	22.58	0	0	0	0	0	0
Faisal Hossain (BAN)
2004-2004	1	2	0	7	5	3.50	27	25.92	0	0	0	0	1	0
Rafiqul Islam (BAN)
2002-2002	1	2	0	7	6	3.50	53	13.20	0	0	0	0	1	0
DM Washington (WI)
2005-2005	1	1	1	7	7*	-	25	28.00	0	0	0	0	1	0
DW Fleming (AUS)
2000-2001	2	1	0	6	6	6.00	21	28.57	0	0	0	0	1	0
Harvinder Singh (IND)
2001-2001	1	1	0	6	6	6.00	17	35.29	0	0	0	0	1	0
Mohammad Akram (PAK)
2000-2001	2	4	2	6	4	3.00	31	19.35	0	0	0	1	1	0
PP Ojha (IND)
2009-2009	2	2	2	6	5*	-	16	37.50	0	0	0	0	1	0
R Vijay Bharadwaj (IND)
2000-2000	1	1	0	6	6	6.00	35	17.14	0	0	0	0	1	0
GR Breese (WI)
2002-2002	1	2	0	5	5	2.50	26	19.23	0	0	0	1	0	0
PP Chawla (IND)
2006-2008	2	2	0	5	4	2.50	21	23.80	0	0	0	0	1	0

# ============ BOWLING ============
M Muralidaran (ICC/SL)
2000-2009	84	154	28787	4797.5	6	1160	11849	565	9/51	13/115	20.97	2.46	50.95	115	31	49	20
M Ntini (SA)
2000-2009	97	182	20082	3347.0	6	722	10884	380	7/37	13/132	28.64	3.25	52.84	67	18	18	4
SK Warne (AUS)
2000-2007	65	127	18129	3021.3	6	604	8986	357	7/94	12/246	25.17	2.97	50.78	72	25	21	6
A Kumble (IND)
2000-2008	74	133	22647	3774.3	6	790	11014	355	8/141	13/181	31.02	2.91	63.79	68	18	20	5
Harbhajan Singh (IND)
2001-2009	72	132	20707	3451.1	6	640	9763	322	8/84	15/217	30.31	2.82	64.30	53	12	23	5
B Lee (AUS)
2000-2008	75	148	16309	2718.1	6	539	9476	303	5/30	9/171	31.27	3.48	53.82	54	17	9	0
GD McGrath (AUS)
2000-2007	66	131	15292	2548.4	6	828	6100	297	8/24	10/27	20.53	2.39	51.48	54	16	14	2
SM Pollock (SA)
2000-2008	70	135	15883	2647.1	6	815	6439	260	6/30	10/147	24.76	2.43	61.08	40	17	6	1
MJ Hoggard (ENG)
2000-2008	67	122	13909	2318.1	6	493	7564	248	7/61	12/205	30.50	3.26	56.08	40	13	7	1
WPUJC Vaas (SL)
2000-2009	77	141	16087	2681.1	6	626	7335	247	7/71	14/191	29.69	2.73	65.12	35	11	8	1
Danish Kaneria (PAK)
2000-2009	56	102	16517	2752.5	6	499	8291	245	7/77	12/94	33.84	3.01	67.41	44	8	14	2
SJ Harmison (ENG/ICC)
2002-2009	63	115	13375	2229.1	6	431	7192	226	7/12	11/76	31.82	3.22	59.18	38	11	8	1
DL Vettori (ICC/NZ)
2000-2009	69	112	16552	2758.4	6	650	7359	222	7/87	12/149	33.14	2.66	74.55	31	9	15	3
A Flintoff (ENG/ICC)
2000-2009	74	128	14364	2394.0	6	486	7124	220	5/58	8/156	32.38	2.97	65.29	33	11	3	0
Z Khan (IND)
2000-2009	68	124	13586	2264.2	6	458	7472	220	5/29	9/134	33.96	3.29	61.75	35	11	8	0
JN Gillespie (AUS)
2000-2006	57	113	12008	2001.2	6	524	5662	209	6/40	9/80	27.09	2.82	57.45	36	7	5	0
JH Kallis (ICC/SA)
2000-2009	101	174	13344	2224.0	6	524	6561	205	6/54	9/92	32.00	2.95	65.09	23	5	4	0
CS Martin (NZ)
2000-2009	53	94	10475	1745.5	6	373	5917	176	6/54	11/180	33.61	3.38	59.51	28	8	8	1
DW Steyn (SA)
2004-2009	34	63	6880	1146.4	6	206	4123	172	6/49	10/91	23.97	3.59	40.00	34	11	11	3
SCG MacGill (AUS)
2000-2008	32	64	8426	1404.2	6	271	4662	149	8/108	10/133	31.28	3.31	56.55	23	6	9	1
JM Anderson (ENG)
2003-2009	44	80	8989	1498.1	6	316	5159	148	7/43	9/98	34.85	3.44	60.73	22	8	7	0
Shoaib Akhtar (PAK)
2000-2007	33	57	5714	952.2	6	175	3199	144	6/11	11/78	22.21	3.35	39.68	27	7	11	2
AF Giles (ENG)
2000-2006	53	87	11964	1994.0	6	390	5700	142	5/57	9/122	40.14	2.85	84.25	23	11	5	0
MG Johnson (AUS)
2007-2009	30	58	7187	1197.5	6	221	3843	137	8/61	11/159	28.05	3.20	52.45	26	8	4	1
AR Caddick (ENG)
2000-2003	34	57	7093	1182.1	6	250	3867	128	7/94	10/215	30.21	3.27	55.41	27	7	6	1
MS Panesar (ENG)
2006-2009	39	65	9042	1507.0	6	308	4331	126	6/37	10/187	34.37	2.87	71.76	20	3	8	1
A Nel (SA)
2001-2008	36	69	7630	1271.4	6	280	3919	123	6/32	10/88	31.86	3.08	62.03	23	4	3	1
FH Edwards (WI)
2003-2009	43	74	7259	1209.5	6	141	4811	122	7/87	8/133	39.43	3.97	59.50	20	2	8	0
M Dillon (WI)
2000-2004	31	55	7294	1215.4	6	235	3656	110	5/71	8/123	33.23	3.00	66.30	22	7	1	0
HH Streak (ZIM)
2000-2005	38	54	7394	1232.2	6	340	3353	105	6/73	9/72	31.93	2.72	70.41	16	7	3	0
Saqlain Mushtaq (PAK)
2000-2004	25	44	7112	1185.2	6	260	3087	101	8/164	10/155	30.56	2.60	70.41	18	7	4	1
Abdul Razzaq (PAK)
2000-2006	45	75	6906	1151.0	6	216	3628	100	5/35	7/155	36.28	3.15	69.06	16	4	1	0
N Boje (SA)
2000-2006	43	72	8620	1436.4	6	293	4265	100	5/62	8/134	42.65	2.96	86.20	14	9	3	0
Mohammad Rafique (BAN)
2000-2008	33	48	8744	1457.2	6	301	4076	100	6/77	9/160	40.76	2.79	87.44	17	3	7	0
IK Pathan (IND)
2003-2008	29	54	5884	980.4	6	212	3226	100	7/59	12/126	32.26	3.28	58.84	15	2	7	2
PT Collins (WI)
2001-2006	29	55	6286	1047.4	6	202	3309	98	6/53	9/117	33.76	3.15	64.14	19	7	3	0
SR Clark (AUS)
2006-2009	24	48	5146	857.4	6	230	2243	94	5/32	9/89	23.86	2.61	54.74	17	6	2	0
D Gough (ENG)
2000-2003	24	39	4441	740.1	6	127	2578	94	5/61	8/101	27.42	3.48	47.24	20	5	3	0
Waqar Younis (PAK)
2000-2003	29	49	4697	782.5	6	137	2624	94	6/55	7/79	27.91	3.35	49.96	16	9	1	0
CA Walsh (WI)
2000-2001	20	36	5323	887.1	6	280	1835	93	6/61	10/117	19.73	2.06	57.23	16	5	5	1
CD Collymore (WI)
2003-2007	29	51	6091	1015.1	6	238	2895	92	7/57	11/134	31.46	2.85	66.20	13	3	4	1
SL Malinga (SL)
2004-2007	28	55	4777	796.1	6	106	3076	91	5/68	9/210	33.80	3.86	52.49	16	7	2	0
Umar Gul (PAK)
2003-2009	24	45	5076	846.0	6	133	3060	91	6/135	9/164	33.62	3.61	55.78	14	6	4	0
CRD Fernando (SL)
2000-2009	33	58	5126	854.2	6	129	3072	88	5/42	7/95	34.90	3.59	58.25	12	3	3	0
SE Bond (NZ)
2001-2009	18	32	3372	562.0	6	113	1922	87	6/51	10/99	22.09	3.41	38.75	16	7	5	1
DBL Powell (WI)
2002-2009	37	66	7077	1179.3	6	219	4068	85	5/25	7/114	47.85	3.44	83.25	11	1	1	0
JE Taylor (WI)
2003-2009	29	49	4935	822.3	6	150	2923	82	5/11	9/95	35.64	3.55	60.18	13	4	3	0
DJ Bravo (WI)
2004-2009	34	52	5704	950.4	6	177	3090	81	6/55	6/84	38.14	3.25	70.41	13	6	2	0
Mohammad Sami (PAK)
2001-2007	33	60	6984	1164.0	6	183	4161	81	5/36	8/106	51.37	3.57	86.22	11	3	2	0
JEC Franklin (NZ)
2001-2009	26	47	4399	733.1	6	134	2612	80	6/119	7/117	32.65	3.56	54.98	14	6	3	0
PL Harris (SA)
2007-2009	26	43	5686	947.4	6	196	2635	79	6/127	9/161	33.35	2.78	71.97	13	3	3	0
Mashrafe Mortaza (BAN)
2001-2009	36	51	5990	998.2	6	202	3239	78	4/60	5/88	41.52	3.24	76.79	12	4	0	0
RJ Sidebottom (ENG)
2001-2009	21	35	4626	771.0	6	182	2133	77	7/47	10/139	27.70	2.76	60.07	13	5	5	1
J Srinath (IND)
2000-2002	24	42	4926	821.0	6	217	2304	74	6/76	9/141	31.13	2.80	66.56	13	2	4	0
DR Tuffey (NZ)
2000-2009	24	42	4565	760.5	6	195	2279	74	6/54	9/116	30.79	2.99	61.68	15	7	2	0
SCJ Broad (ENG)
2007-2009	24	41	4697	782.5	6	156	2509	73	6/91	6/87	34.36	3.20	64.34	10	1	3	0
Mohammad Asif (PAK)
2005-2009	15	29	3352	558.4	6	132	1680	73	6/44	11/71	23.01	3.00	45.91	13	6	5	1
IE O'Brien (NZ)
2005-2009	22	37	4394	732.2	6	158	2429	73	6/75	7/165	33.27	3.31	60.19	11	3	1	0
CH Gayle (WI)
2000-2009	85	96	6833	1138.5	6	223	2988	71	5/34	6/81	42.08	2.62	96.23	9	2	2	0
ST Jayasuriya (SL)
2000-2007	66	90	5322	887.0	6	218	2103	69	5/34	9/74	30.47	2.37	77.13	8	4	2	0
RW Price (ZIM)
2001-2004	17	27	5087	847.5	6	195	2453	69	6/73	10/161	35.55	2.89	73.72	13	5	5	1
CL Cairns (NZ)
2000-2004	18	33	3438	573.0	6	105	2015	68	7/53	9/187	29.63	3.51	50.55	11	2	4	0
MS Kasprowicz (AUS)
2001-2006	22	43	4090	681.4	6	133	2155	68	7/39	7/34	31.69	3.16	60.14	6	2	2	0
HMRKB Herath (SL)
2000-2009	19	35	4696	782.4	6	139	2373	64	5/99	8/209	37.07	3.03	73.37	13	4	4	0
GP Swann (ENG)
2008-2009	14	25	3711	618.3	6	127	1824	62	5/54	9/164	29.41	2.94	59.85	14	4	4	0
M Morkel (SA)
2006-2009	19	35	3521	586.5	6	74	2104	61	5/50	7/113	34.49	3.58	57.72	10	4	1	0
JDP Oram (NZ)
2002-2009	33	55	4964	827.2	6	240	1983	60	4/41	6/63	33.05	2.39	82.73	7	1	0	0
SP Jones (ENG)
2002-2005	18	33	2821	470.1	6	78	1666	59	6/53	7/110	28.23	3.54	47.81	7	2	3	0
S Sreesanth (IND)
2006-2009	16	31	3245	540.5	6	125	1813	58	5/40	8/99	31.25	3.35	55.94	10	4	2	0
AJ Bichel (AUS)
2000-2003	16	31	2818	469.4	6	93	1573	56	5/60	6/125	28.08	3.34	50.32	10	3	1	0
I Sharma (IND)
2007-2009	19	32	3432	572.0	6	103	1859	54	5/118	7/117	34.42	3.25	63.55	9	2	1	0
PM Siddle (AUS)
2008-2009	15	28	3395	565.5	6	143	1739	54	5/21	8/113	32.20	3.07	62.87	10	2	2	0
AM Blignaut (ZIM)
2001-2005	19	30	3173	528.5	6	101	1964	53	5/73	8/110	37.05	3.71	59.86	10	1	3	0
Shahadat Hossain (BAN)
2005-2009	23	35	3344	557.2	6	58	2316	53	6/27	9/97	43.69	4.15	63.09	8	2	2	0
JJC Lawson (WI)
2002-2005	13	25	2364	394.0	6	55	1512	51	7/78	8/102	29.64	3.83	46.35	8	3	2	0
Shabbir Ahmed (PAK)
2003-2005	10	19	2576	429.2	6	97	1175	51	5/48	8/109	23.03	2.73	50.50	11	5	2	0
DNT Zoysa (SL)
2000-2004	22	39	3416	569.2	6	126	1706	49	5/20	8/73	34.81	2.99	69.71	6	2	1	0
PR Adams (SA)
2000-2004	17	29	3152	525.2	6	90	1845	48	7/128	10/106	38.43	3.51	65.66	6	1	3	1
Shakib Al Hasan (BAN)
2007-2009	14	21	2991	498.3	6	110	1357	48	7/36	9/115	28.27	2.72	62.31	8	1	5	0
C White (ENG)
2000-2002	22	31	3148	524.4	6	93	1768	48	5/32	5/57	36.83	3.36	65.58	6	2	3	0
M Hayward (SA)
2000-2004	14	26	2412	402.0	6	72	1405	47	5/56	7/119	29.89	3.49	51.31	5	0	1	0
AA Donald (SA)
2000-2002	13	24	2523	420.3	6	117	1144	46	5/47	6/82	24.86	2.72	54.84	7	3	1	0
PJ Wiseman (NZ)
2000-2005	17	32	4227	704.3	6	154	2140	46	5/90	8/144	46.52	3.03	91.89	8	2	1	0
AB Agarkar (IND)
2000-2006	23	40	4119	686.3	6	142	2389	45	6/41	8/160	53.08	3.47	91.53	3	0	1	0
AJ Hall (SA)
2002-2007	21	38	3001	500.1	6	95	1617	45	3/1	5/20	35.93	3.23	66.68	5	0	0	0
RD King (WI)
2000-2005	16	29	2900	483.2	6	104	1426	45	5/51	7/81	31.68	2.95	64.44	6	3	1	0
BAW Mendis (SL)
2008-2009	10	17	2586	431.0	6	69	1298	44	6/117	10/209	29.50	3.01	58.77	9	4	2	1
KD Mills (NZ)
2004-2009	19	31	2902	483.4	6	118	1453	44	4/16	6/77	33.02	3.00	65.95	6	2	0	0
A Nehra (IND)
2001-2004	16	28	3279	546.3	6	117	1772	43	4/72	6/117	41.20	3.24	76.25	5	2	0	0
Enamul Haque jnr (BAN)
2003-2009	14	24	3195	532.3	6	94	1609	41	7/95	12/200	39.24	3.02	77.92	5	0	3	1
NM Hauritz (AUS)
2004-2009	11	21	2630	438.2	6	89	1295	41	5/101	6/158	31.58	2.95	64.14	8	0	1	0
RP Singh (IND)
2006-2008	13	24	2330	388.2	6	52	1564	40	5/59	7/117	39.10	4.02	58.25	6	3	1	0
CR Miller (AUS)
2000-2001	7	14	1862	310.2	6	73	877	38	5/32	10/113	23.07	2.82	49.00	7	1	3	1
CEL Ambrose (WI)
2000-2000	10	18	2260	376.4	6	141	636	36	4/30	7/50	17.66	1.68	62.77	7	5	0	0
CE Cuffy (WI)
2001-2002	12	21	2854	475.4	6	131	1149	36	4/82	5/102	31.91	2.41	79.27	4	1	0	0
Shahid Afridi (PAK)
2000-2006	20	34	2422	403.4	6	45	1313	36	4/95	5/43	36.47	3.25	67.27	6	1	0	0
Tapash Baisya (BAN)
2002-2005	21	29	3370	561.4	6	93	2137	36	4/72	6/117	59.36	3.80	93.61	2	1	0	0
SJ Benn (WI)
2008-2009	12	19	3196	532.4	6	90	1586	35	5/155	8/108	45.31	2.97	91.31	6	2	1	0
BW Hilfenhaus (AUS)
2009-2009	9	16	1973	328.5	6	75	1040	34	4/60	5/70	30.58	3.16	58.02	6	3	0	0
MM Patel (IND)
2006-2009	12	23	2394	399.0	6	83	1230	34	4/25	7/97	36.17	3.08	70.41	6	1	0	0
DG Cork (ENG)
2000-2002	10	17	1715	285.5	6	71	788	33	4/23	7/52	23.87	2.75	51.96	6	2	0	0
VC Drakes (WI)
2002-2004	12	21	2617	436.1	6	65	1362	33	5/93	7/80	41.27	3.12	79.30	4	2	1	0
JS Patel (NZ)
2006-2009	9	16	2556	426.0	6	99	1289	33	5/110	6/151	39.06	3.02	77.45	4	1	1	0
D Ramnarine (WI)
2001-2002	9	16	2727	454.3	6	122	1149	33	5/78	7/147	34.81	2.52	82.63	8	1	1	0
SR Tendulkar (IND)
2000-2009	89	87	3040	506.4	6	46	1813	31	3/10	3/14	58.48	3.57	98.06	2	0	0	0
Wasim Akram (PAK)
2000-2002	13	21	2290	381.4	6	102	930	31	6/61	11/110	30.00	2.43	73.87	3	0	3	1
UDU Chandana (SL)
2000-2005	14	26	2336	389.2	6	56	1308	30	5/101	10/210	43.60	3.35	77.86	2	0	2	1
A Sanford (WI)
2002-2004	11	18	2217	369.3	6	69	1316	30	4/132	5/157	43.86	3.56	73.90	5	1	0	0
V Sehwag (ICC/IND)
2001-2009	72	68	2551	425.1	6	61	1312	30	5/104	5/118	43.73	3.08	85.03	3	0	1	0
NJ Astle (NZ)
2000-2006	47	51	3258	543.0	6	204	1130	29	3/27	6/62	38.96	2.08	112.34	2	0	0	0
SB O'Connor (NZ)
2000-2001	9	16	1823	303.5	6	85	759	29	5/51	7/104	26.17	2.49	62.86	4	1	1	0
OAC Banks (WI)
2003-2005	10	20	2401	400.1	6	62	1367	28	4/87	6/127	48.82	3.41	85.75	3	1	0	0
TL Best (WI)
2003-2009	14	27	2187	364.3	6	48	1363	28	4/46	4/98	48.67	3.73	78.10	5	1	0	0
L Klusener (SA)
2000-2004	24	38	2608	434.4	6	134	1037	28	3/8	4/45	37.03	2.38	93.14	2	0	0	0
Manjural Islam (BAN)
2001-2004	17	22	2970	495.0	6	103	1605	28	6/81	6/81	57.32	3.24	106.07	3	0	1	0
T Thushara (SL)
2003-2009	9	17	1542	257.0	6	31	961	28	5/83	6/118	34.32	3.73	55.07	3	1	1	0
L Balaji (IND)
2003-2005	8	15	1756	292.4	6	64	1004	27	5/76	9/171	37.18	3.43	65.03	5	2	1	0
NAM McLean (WI)
2000-2001	11	18	2055	342.3	6	53	1213	27	3/60	6/140	44.92	3.54	76.11	3	0	0	0
HK Olonga (ZIM)
2000-2002	14	23	2105	350.5	6	57	1318	27	5/93	6/139	48.81	3.75	77.96	5	0	1	0
DJG Sammy (WI)
2007-2009	8	15	1462	243.4	6	44	749	27	7/66	8/98	27.74	3.07	54.14	3	0	3	0
TJ Friend (ZIM)
2001-2004	13	19	2000	333.2	6	63	1090	25	5/31	7/57	43.60	3.27	80.00	3	0	1	0
KMDN Kulasekara (SL)
2005-2009	11	19	1612	268.4	6	51	862	25	4/21	8/58	34.48	3.20	64.48	4	3	0	0
G Onions (ENG)
2009-2009	7	13	1177	196.1	6	35	713	25	5/38	7/102	28.52	3.63	47.08	4	1	1	0
IG Butler (NZ)
2002-2004	8	14	1368	228.0	6	37	884	24	6/46	7/146	36.83	3.87	57.00	4	1	1	0
M Kartik (IND)
2000-2004	8	15	1932	322.0	6	74	820	24	4/44	7/76	34.16	2.54	80.50	4	1	0	0
MF Maharoof (SL)
2004-2007	20	32	2628	438.0	6	99	1458	24	4/52	5/122	60.75	3.32	109.50	1	1	0	0
A Symonds (AUS)
2004-2008	26	41	2094	349.0	6	81	896	24	3/50	5/56	37.33	2.56	87.25	2	0	0	0
LE Plunkett (ENG)
2005-2007	9	17	1538	256.2	6	40	916	23	3/17	6/60	39.82	3.57	66.86	3	0	0	0
RR Sarwan (WI)
2000-2009	83	56	2022	337.0	6	33	1163	23	4/37	7/96	50.56	3.45	87.91	2	1	0	0
SR Watson (AUS)
2005-2009	15	23	1504	250.4	6	46	788	23	4/42	5/84	34.26	3.14	65.39	2	1	0	0
CW Henderson (SA)
2001-2002	7	12	1962	327.0	6	79	928	22	4/116	7/176	42.18	2.83	89.18	4	2	0	0
Arshad Khan (PAK)
2000-2005	6	11	1704	284.0	6	80	636	21	4/62	7/92	30.28	2.23	81.14	4	1	0	0
DT Hondo (ZIM)
2001-2005	9	13	1486	247.4	6	50	774	21	6/59	6/96	36.85	3.12	70.76	4	0	1	0
CL Hooper (WI)
2001-2002	22	35	3395	565.5	6	142	1263	21	2/32	4/110	60.14	2.23	161.66	0	0	0	0
A Mishra (IND)
2008-2009	6	11	1578	263.0	6	43	796	21	5/71	7/106	37.90	3.02	75.14	3	0	1	0
DE Bollinger (AUS)
2009-2009	4	8	974	162.2	6	32	481	20	5/70	8/141	24.05	2.96	48.70	4	0	1	0
CD McMillan (NZ)
2000-2005	36	34	1755	292.3	6	70	871	20	3/48	3/48	43.55	2.97	87.75	3	0	0	0
SI Mahmood (ENG)
2006-2007	8	14	1130	188.2	6	25	762	20	4/22	6/130	38.10	4.04	56.50	3	2	0	0
KAJ Roach (WI)
2009-2009	5	9	1084	180.4	6	39	586	20	6/48	7/116	29.30	3.24	54.20	4	0	1	0
CEL Stuart (WI)
2000-2001	6	12	1116	186.0	6	37	628	20	3/33	6/90	31.40	3.37	55.80	4	0	0	0
SB Styris (NZ)
2002-2007	29	36	1960	326.4	6	77	1015	20	3/28	3/44	50.75	3.10	98.00	2	0	0	0
AJ Tudor (ENG)
2001-2002	7	11	1162	193.4	6	39	724	20	5/44	7/109	36.20	3.73	58.10	3	1	1	0
MJ Clarke (AUS)
2004-2009	56	39	1540	256.4	6	42	755	19	6/9	6/9	39.73	2.94	81.05	2	0	1	0
HDPK Dharmasena (SL)
2000-2004	11	20	2190	365.0	6	72	1027	19	3/58	4/105	54.05	2.81	115.26	2	0	0	0
GW Flower (ZIM)
2000-2004	29	31	2187	364.3	6	81	1012	19	4/41	8/104	53.26	2.77	115.10	3	2	0	0
RJ Kirtley (ENG)
2003-2003	4	7	1079	179.5	6	50	561	19	6/34	8/114	29.52	3.11	56.78	2	0	1	0
Mohammad Ashraful (BAN)
2001-2009	50	55	1495	249.1	6	11	1114	19	2/42	3/75	58.63	4.47	78.68	0	0	0	0
Shahid Nazir (PAK)
2006-2007	7	13	1194	199.0	6	39	706	19	3/32	6/105	37.15	3.54	62.84	3	0	0	0
M Zondeki (SA)
2003-2008	6	11	780	130.0	6	25	480	19	6/39	9/105	25.26	3.69	41.05	4	1	1	0
Enamul Haque (BAN)
2001-2003	10	12	2230	371.4	6	88	1027	18	4/136	4/136	57.05	2.76	123.88	3	2	0	0
TCB Fernando (SL)
2001-2002	9	17	1270	211.4	6	31	792	18	4/27	4/40	44.00	3.74	70.55	3	1	0	0
SM Katich (AUS)
2001-2009	47	22	931	155.1	6	17	573	18	6/65	6/90	31.83	3.69	51.72	2	0	1	0
NB Mahwire (ZIM)
2002-2005	10	14	1287	214.3	6	35	915	18	4/92	4/92	50.83	4.26	71.50	4	1	0	0
Mohammad Amir (PAK)
2009-2009	7	14	1356	226.0	6	49	747	18	5/79	6/112	41.50	3.30	75.33	3	0	1	0
BA Murphy (ZIM)
2000-2001	11	19	2153	358.5	6	67	1113	18	3/32	4/55	61.83	3.10	119.61	1	0	0	0
Naved-ul-Hasan (PAK)
2004-2007	9	16	1565	260.5	6	36	1044	18	3/30	5/93	58.00	4.00	86.94	3	0	0	0
Saeed Ajmal (PAK)
2009-2009	5	10	1624	270.4	6	43	761	18	4/87	5/113	42.27	2.81	90.22	3	1	0	0
NC McGarrell (WI)
2001-2001	4	7	1212	202.0	6	65	453	17	4/23	7/185	26.64	2.24	71.29	4	3	0	0
Shoaib Malik (PAK)
2001-2009	28	32	2016	336.0	6	45	1158	17	4/42	4/94	68.11	3.44	118.58	2	1	0	0
HMCM Bandara (SL)
2005-2006	7	12	1026	171.0	6	26	554	16	3/84	5/153	34.62	3.23	64.12	1	0	0	0
CJ Drum (NZ)
2001-2002	5	9	806	134.2	6	27	482	16	3/36	5/166	30.12	3.58	50.37	2	0	0	0
WW Hinds (WI)
2000-2005	45	25	1123	187.1	6	41	590	16	3/79	5/134	36.87	3.15	70.18	1	0	0	0
GB Hogg (AUS)
2003-2008	6	12	1422	237.0	6	37	864	16	2/40	4/133	54.00	3.64	88.87	0	0	0	0
RL Johnson (ENG)
2003-2003	3	6	547	91.1	6	25	275	16	6/33	9/93	17.18	3.01	34.18	3	1	2	0
CK Langeveldt (SA)
2005-2006	6	10	999	166.3	6	27	593	16	5/46	5/96	37.06	3.56	62.43	2	0	1	0
PDRL Perera (SL)
2000-2002	7	12	866	144.2	6	25	476	16	3/40	5/138	29.75	3.29	54.12	2	0	0	0
FA Rose (WI)
2000-2000	6	11	1038	173.0	6	41	540	16	4/19	5/60	33.75	3.12	64.87	1	1	0	0
PD Collingwood (ENG)
2003-2009	55	49	1611	268.3	6	42	891	15	3/23	3/35	59.40	3.31	107.40	1	0	0	0
TG Southee (NZ)
2008-2009	6	10	1215	202.3	6	39	701	15	5/55	5/125	46.73	3.46	81.00	2	1	1	0
SB Joshi (IND)
2000-2000	3	6	1203	200.3	6	43	575	14	5/142	8/169	41.07	2.86	85.92	2	0	1	0
Mohammad Sharif (BAN)
2001-2007	10	11	1651	275.1	6	47	1106	14	4/98	4/98	79.00	4.01	117.92	2	1	0	0
RJ Peterson (SA)
2003-2008	6	11	959	159.5	6	41	497	14	5/33	6/94	35.50	3.10	68.50	2	0	1	0
TT Samaraweera (SL)
2001-2009	57	32	1291	215.1	6	36	679	14	4/49	6/67	48.50	3.15	92.21	1	1	0	0
Talha Jubair (BAN)
2002-2004	7	9	1090	181.4	6	21	771	14	3/135	3/126	55.07	4.24	77.85	1	0	0	0
BT Watambwa (ZIM)
2001-2002	6	9	931	155.1	6	36	490	14	4/64	6/112	35.00	3.15	66.50	2	1	0	0
AG Cremer (ZIM)
2005-2005	6	7	870	145.0	6	16	595	13	3/86	4/93	45.76	4.10	66.92	2	0	0	0
RDB Croft (ENG)
2000-2001	6	9	1140	190.0	6	45	445	13	4/56	5/74	34.23	2.34	87.69	2	1	0	0
TM Dilshan (SL)
2000-2009	57	37	926	154.2	6	31	471	13	4/10	4/10	36.23	3.05	71.23	1	1	0	0
SC Ganguly (IND)
2000-2008	81	61	1962	327.0	6	72	1053	13	2/20	3/48	81.00	3.22	150.92	0	0	0	0
RO Hinds (WI)
2002-2009	15	22	1743	290.3	6	53	870	13	2/45	4/131	66.92	2.99	134.07	0	0	0	0
Khaled Mahmud (BAN)
2001-2003	12	17	1620	270.0	6	65	832	13	4/37	7/105	64.00	3.08	124.61	2	1	0	0
JJ Krejza (AUS)
2008-2008	2	4	743	123.5	6	8	562	13	8/215	12/358	43.23	4.53	57.15	2	1	1	1
DS Lehmann (AUS)
2002-2004	22	20	872	145.2	6	32	367	13	3/42	6/92	28.23	2.52	67.07	3	0	0	0
D Mohammed (WI)
2004-2006	5	9	1065	177.3	6	20	668	13	3/98	4/186	51.38	3.76	81.92	4	0	0	0
Mushfiqur Rahman (BAN)
2001-2004	10	15	1365	227.3	6	45	823	13	4/65	4/90	63.30	3.61	105.00	2	1	0	0
Mushtaq Ahmed (PAK)
2000-2003	9	16	1740	290.0	6	43	948	13	3/91	3/91	72.92	3.26	133.84	1	0	0	0
KTGD Prasad (SL)
2008-2009	4	8	734	122.2	6	7	567	13	3/82	5/142	43.61	4.63	56.46	2	0	0	0
PA Strang (ZIM)
2000-2001	4	6	865	144.1	6	29	368	13	8/109	10/158	28.30	2.55	66.53	1	0	1	1
CT Tremlett (ENG)
2007-2007	3	6	859	143.1	6	36	386	13	3/12	6/92	29.69	2.69	66.07	3	0	0	0
MI Black (WI)
2000-2002	6	9	954	159.0	6	27	597	12	4/83	4/83	49.75	3.75	79.50	2	1	0	0
NW Bracken (AUS)
2003-2005	5	10	1110	185.0	6	53	505	12	4/48	4/71	42.08	2.72	92.50	1	1	0	0
MA Butcher (ENG)
2000-2004	46	19	587	97.5	6	17	381	12	4/42	5/68	31.75	3.89	48.91	2	2	0	0
Mahmudullah (BAN)
2009-2009	2	4	376	62.4	6	9	191	12	5/51	8/110	15.91	3.04	31.33	3	0	1	0
MV Nagamootoo (WI)
2000-2002	5	8	1494	249.0	6	68	637	12	3/119	3/92	53.08	2.55	124.50	2	0	0	0
Naimur Rahman (BAN)
2000-2002	8	10	1321	220.1	6	45	718	12	6/132	6/154	59.83	3.26	110.08	1	0	1	0
BKV Prasad (IND)
2000-2001	5	7	948	158.0	6	39	496	12	5/72	7/124	41.33	3.13	79.00	2	0	1	0
Syed Rasel (BAN)
2005-2007	6	8	879	146.3	6	18	573	12	4/129	4/129	47.75	3.91	73.25	2	1	0	0
Abdur Rehman (PAK)
2007-2007	2	4	750	125.0	6	21	352	11	4/105	8/210	32.00	2.81	68.18	2	2	0	0
GJ Batty (ENG)
2003-2005	7	9	1394	232.2	6	34	733	11	3/55	5/153	66.63	3.15	126.72	1	0	0	0
RKJ Dawson (ENG)
2001-2003	7	8	1116	186.0	6	20	677	11	4/134	4/134	61.54	3.63	101.45	1	1	0	0
WRS de Silva (SL)
2002-2007	3	6	432	72.0	6	18	209	11	4/35	4/63	19.00	2.90	39.27	1	1	0	0
MR Gillespie (NZ)
2007-2008	3	4	516	86.0	6	15	380	11	5/136	6/142	34.54	4.41	46.90	2	1	1	0
DA Marillier (ZIM)
2000-2002	5	6	616	102.4	6	21	322	11	4/57	6/96	29.27	3.13	56.00	2	2	0	0
M Ngam (SA)
2000-2001	3	5	392	65.2	6	15	189	11	3/26	6/62	17.18	2.89	35.63	2	0	0	0
ML Nkala (ZIM)
2000-2005	10	15	1452	242.0	6	53	727	11	3/82	5/104	66.09	3.00	132.00	1	0	0	0
BC Strang (ZIM)
2000-2001	7	12	1632	272.0	6	91	692	11	4/83	4/102	62.90	2.54	148.36	2	1	0	0
DJ Terbrugge (SA)
2002-2004	3	5	412	68.4	6	11	264	11	5/46	7/89	24.00	3.84	37.45	1	0	1	0
MP Bicknell (ENG)
2003-2003	2	4	558	93.0	6	22	280	10	4/84	6/155	28.00	3.01	55.80	1	1	0	0
RAP Nissanka (SL)
2003-2003	4	7	587	97.5	6	21	366	10	5/64	5/128	36.60	3.74	58.70	1	0	1	0
Sarandeep Singh (IND)
2000-2002	3	4	678	113.0	6	27	340	10	4/136	6/206	34.00	3.00	67.80	2	1	0	0
UWMBCA Welegedara (SL)
2007-2009	4	6	726	121.0	6	14	473	10	4/87	5/163	47.30	3.90	72.60	1	1	0	0
GP Wickramasinghe (SL)
2000-2001	4	7	710	118.2	6	30	357	10	4/37	4/113	35.70	3.01	71.00	1	1	0	0
IDR Bradshaw (WI)
2006-2006	5	7	1021	170.1	6	33	540	9	3/73	6/156	60.00	3.17	113.44	2	0	0	0
E Chigumbura (ZIM)
2004-2005	6	8	829	138.1	6	22	498	9	5/54	6/133	55.33	3.60	92.11	1	0	1	0
SM Ervine (ZIM)
2003-2004	5	6	570	95.0	6	18	388	9	4/146	4/146	43.11	4.08	63.33	2	1	0	0
JM Kemp (SA)
2001-2005	4	8	479	79.5	6	20	222	9	3/33	5/52	24.66	2.78	53.22	1	0	0	0
AB McDonald (AUS)
2009-2009	4	7	732	122.0	6	40	300	9	3/25	3/72	33.33	2.45	81.33	1	0	0	0
PP Ojha (IND)
2009-2009	2	4	511	85.1	6	21	258	9	3/101	5/185	28.66	3.02	56.77	1	0	0	0
ME Waugh (AUS)
2000-2002	29	23	791	131.5	6	23	445	9	3/40	3/40	49.44	3.37	87.88	1	0	0	0
GJ Whittall (ZIM)
2000-2002	15	11	874	145.4	6	46	382	9	3/14	5/61	42.44	2.62	97.11	2	0	0	0
BA Williams (AUS)
2003-2004	4	8	852	142.0	6	43	406	9	4/53	5/119	45.11	2.85	94.66	1	1	0	0
Yasir Arafat (PAK)
2007-2009	3	5	627	104.3	6	12	438	9	5/161	7/210	48.66	4.19	69.66	1	0	1	0
JC Adams (WI)
2000-2001	15	19	1108	184.4	6	42	491	8	2/5	3/97	61.37	2.65	138.50	0	0	0	0
Azhar Mahmood (PAK)
2000-2001	3	4	363	60.3	6	19	169	8	4/50	4/50	21.12	2.79	45.37	1	1	0	0
ESH Giddins (ENG)
2000-2000	3	4	288	48.0	6	14	161	8	5/15	7/42	20.12	3.35	36.00	1	0	1	0
NC Johnson (ZIM)
2000-2000	4	7	678	113.0	6	34	307	8	4/77	4/104	38.37	2.71	84.75	1	1	0	0
CB Mpofu (ZIM)
2005-2005	6	8	830	138.2	6	22	556	8	4/109	5/156	69.50	4.01	103.75	1	1	0	0
T Panyangara (ZIM)
2004-2005	3	4	535	89.1	6	21	286	8	3/28	4/65	35.75	3.20	66.87	2	0	0	0
VRV Singh (IND)
2006-2007	5	10	669	111.3	6	20	427	8	3/48	3/70	53.37	3.82	83.62	1	0	0	0
GC Smith (ICC/SA)
2002-2009	79	32	1319	219.5	6	28	801	8	2/145	2/145	100.12	3.64	164.87	0	0	0	0
SD Udal (ENG)
2005-2006	4	7	596	99.2	6	13	344	8	4/14	5/67	43.00	3.46	74.50	1	1	0	0
Yuvraj Singh (IND)
2003-2009	31	23	699	116.3	6	11	406	8	2/9	2/20	50.75	3.48	87.37	0	0	0	0
Abdur Razzak (BAN)
2006-2008	5	7	1128	188.0	6	27	561	7	3/93	4/144	80.14	2.98	161.14	1	0	0	0
SB Bangar (IND)
2001-2002	12	14	762	127.0	6	35	343	7	2/23	2/23	49.00	2.70	108.85	0	0	0	0
Fazl-e-Akbar (PAK)
2001-2004	3	4	642	107.0	6	15	360	7	3/85	3/85	51.42	3.36	91.71	2	0	0	0
MJ Saggers (ENG)
2003-2004	3	6	493	82.1	6	20	247	7	2/29	3/62	35.28	3.00	70.42	0	0	0	0
MN Samuels (WI)
2000-2008	29	30	1596	266.0	6	36	889	7	2/49	2/66	127.00	3.34	228.00	0	0	0	0
DR Smith (WI)
2004-2006	10	13	651	108.3	6	20	344	7	3/71	3/115	49.14	3.17	93.00	1	0	0	0
Younis Khan (PAK)
2000-2009	63	18	540	90.0	6	12	341	7	2/23	4/50	48.71	3.78	77.14	0	0	0	0
Abdur Rauf (PAK)
2009-2009	3	6	450	75.0	6	11	278	6	2/59	3/108	46.33	3.70	75.00	0	0	0	0
AR Adams (NZ)
2002-2002	1	2	190	31.4	6	5	105	6	3/44	6/105	17.50	3.31	31.66	2	0	0	0
Alok Kapali (BAN)
2002-2006	17	19	1103	183.5	6	15	709	6	3/3	3/33	118.16	3.85	183.83	1	0	0	0
WJ Cronje (SA)
2000-2000	4	6	252	42.0	6	17	103	6	3/23	5/49	17.16	2.45	42.00	1	0	0	0
JP Duminy (SA)
2008-2009	8	8	420	70.0	6	8	238	6	3/89	3/89	39.66	3.40	70.00	1	0	0	0
Hasibul Hossain (BAN)
2000-2001	5	6	780	130.0	6	23	571	6	2/125	2/125	95.16	4.39	130.00	0	0	0	0
MJ North (AUS)
2009-2009	11	10	759	126.3	6	25	364	6	4/98	4/131	60.66	2.87	126.50	1	1	0	0
RR Powar (IND)
2007-2007	2	4	252	42.0	6	8	118	6	3/33	3/36	19.66	2.80	42.00	1	0	0	0
D Pretorius (SA)
2002-2003	4	8	570	95.0	6	18	430	6	4/115	4/135	71.66	4.52	95.00	1	1	0	0
KR Pushpakumara (SL)
2000-2001	4	7	611	101.5	6	25	310	6	4/66	5/103	51.66	3.04	101.83	1	1	0	0
CEW Silverwood (ENG)
2000-2002	3	3	258	43.0	6	7	165	6	5/91	5/91	27.50	3.83	43.00	1	0	1	0
MP Vaughan (ENG)
2000-2008	80	32	882	147.0	6	19	497	6	2/71	2/71	82.83	3.38	147.00	0	0	0	0
Aamer Sohail (PAK)
2000-2000	2	3	254	42.2	6	9	99	5	2/20	4/44	19.80	2.33	50.80	0	0	0	0
Aftab Ahmed (BAN)
2004-2008	14	7	314	52.2	6	8	225	5	2/31	2/31	45.00	4.29	62.80	0	0	0	0
Kabir Ali (ENG)
2003-2003	1	2	216	36.0	6	5	136	5	3/80	5/136	27.20	3.77	43.20	1	0	0	0
RP Arnold (SL)
2000-2004	32	17	615	102.3	6	19	306	5	3/76	3/76	61.20	2.98	123.00	1	0	0	0
LS Baker (WI)
2008-2009	4	5	660	110.0	6	16	395	5	2/39	4/116	79.00	3.59	132.00	0	0	0	0
KM Dabengwa (ZIM)
2005-2005	3	3	438	73.0	6	10	249	5	3/127	3/127	49.80	3.41	87.60	1	0	0	0
AC Dawson (SA)
2003-2003	2	4	252	42.0	6	14	117	5	2/20	3/32	23.40	2.78	50.40	0	0	0	0
F de Wet (SA)
2009-2009	1	2	258	43.0	6	11	127	5	4/55	5/127	25.40	2.95	51.60	1	1	0	0
Fahim Muntasir (BAN)
2002-2002	3	4	576	96.0	6	15	342	5	3/131	3/131	68.40	3.56	115.20	1	0	0	0
TR Gripper (ZIM)
2000-2004	16	17	721	120.1	6	20	456	5	2/91	2/91	91.20	3.79	144.20	0	0	0	0
DPMD Jayawardene (SL)
2000-2009	95	10	205	34.1	6	9	123	5	2/32	2/32	24.60	3.60	41.00	0	0	0	0
MKGCP Lakshitha (SL)
2002-2002	2	4	288	48.0	6	10	158	5	2/33	3/81	31.60	3.29	57.60	0	0	0	0
KS Lokuarachchi (SL)
2003-2004	4	6	594	99.0	6	20	295	5	2/47	2/78	59.00	2.97	118.80	0	0	0	0
Mahbubul Alam (BAN)
2008-2008	4	6	587	97.5	6	19	314	5	2/62	2/62	62.80	3.20	117.40	0	0	0	0
Manjural Islam Rana (BAN)
2004-2004	6	7	749	124.5	6	19	401	5	3/84	3/84	80.20	3.21	149.80	1	0	0	0
AD Mathews (SL)
2009-2009	7	10	534	89.0	6	14	302	5	1/13	2/39	60.40	3.39	106.80	0	0	0	0
Sanuar Hossain (BAN)
2001-2003	9	6	444	74.0	6	5	310	5	2/128	2/128	62.00	4.18	88.80	0	0	0	0
Sohail Tanvir (PAK)
2007-2007	2	4	504	84.0	6	15	316	5	3/83	3/109	63.20	3.76	100.80	1	0	0	0
SW Tait (AUS)
2005-2008	3	6	414	69.0	6	6	302	5	3/97	3/121	60.40	4.37	82.80	1	0	0	0
BGK Walker (NZ)
2000-2002	5	7	669	111.3	6	17	399	5	2/92	2/97	79.80	3.57	133.80	0	0	0	0
CL White (AUS)
2008-2008	4	8	558	93.0	6	8	342	5	2/71	3/119	68.40	3.67	111.60	0	0	0	0
T Yohannan (IND)
2001-2002	3	6	486	81.0	6	17	256	5	2/56	4/131	51.20	3.16	97.20	0	0	0	0
MRCN Bandaratilleke (SL)
2001-2001	3	6	426	71.0	6	18	215	4	2/29	2/54	53.75	3.02	106.50	0	0	0	0
DE Bernard (WI)
2003-2009	3	5	258	43.0	6	4	185	4	2/30	3/62	46.25	4.30	64.50	0	0	0	0
J Botha (SA)
2006-2008	2	4	225	37.3	6	2	178	4	2/57	2/75	44.50	4.74	56.25	0	0	0	0
R Clarke (ENG)
2003-2003	2	4	174	29.0	6	11	60	4	2/7	3/11	15.00	2.06	43.50	0	0	0	0
N Deonarine (WI)
2005-2009	5	8	485	80.5	6	21	226	4	2/74	2/40	56.50	2.79	121.25	0	0	0	0
GD Elliott (NZ)
2008-2009	5	6	282	47.0	6	9	140	4	2/8	2/8	35.00	2.97	70.50	0	0	0	0
S Elworthy (SA)
2002-2002	2	4	351	58.3	6	11	206	4	2/39	3/81	51.50	3.52	87.75	0	0	0	0
KHRK Fernando (SL)
2002-2002	2	2	234	39.0	6	7	108	4	3/63	3/63	27.00	2.76	58.50	1	0	0	0
A McGrath (ENG)
2003-2003	4	2	102	17.0	6	1	56	4	3/16	3/16	14.00	3.29	25.50	1	0	0	0
M Mbangwa (ZIM)
2000-2000	4	7	668	111.2	6	42	250	4	2/40	2/65	62.50	2.24	167.00	0	0	0	0
Mehrab Hossain jnr (BAN)
2007-2009	7	11	407	67.5	6	3	281	4	2/29	2/29	70.25	4.14	101.75	0	0	0	0
Mohammad Hafeez (PAK)
2003-2007	11	14	750	125.0	6	23	319	4	1/11	1/11	79.75	2.55	187.50	0	0	0	0
AD Mullally (ENG)
2000-2001	2	3	327	54.3	6	20	141	4	2/42	2/42	35.25	2.58	81.75	0	0	0	0
KP Pietersen (ENG)
2005-2009	56	32	747	124.3	6	9	525	4	1/0	1/11	131.25	4.21	186.75	0	0	0	0
R Rampaul (WI)
2009-2009	3	5	462	77.0	6	14	290	4	1/21	2/106	72.50	3.76	115.50	0	0	0	0
JA Rudolph (SA)
2003-2006	35	19	664	110.4	6	13	432	4	1/1	1/1	108.00	3.90	166.00	0	0	0	0
JD Ryder (NZ)
2008-2009	11	13	378	63.0	6	19	212	4	2/7	2/15	53.00	3.36	94.50	0	0	0	0
RA Austin (WI)
2009-2009	2	4	326	54.2	6	9	155	3	1/29	2/113	51.66	2.85	108.66	0	0	0	0
SV Bahutule (IND)
2001-2001	2	3	366	61.0	6	8	203	3	1/32	2/102	67.66	3.32	122.00	0	0	0	0
TT Bresnan (ENG)
2009-2009	2	3	186	31.0	6	7	97	3	3/45	3/80	32.33	3.12	62.00	1	0	0	0
B Casson (AUS)
2008-2008	1	2	192	32.0	6	4	129	3	3/86	3/129	43.00	4.03	64.00	1	0	0	0
PP Chawla (IND)
2006-2008	2	4	205	34.1	6	6	137	3	2/66	2/84	45.66	4.00	68.33	0	0	0	0
Z de Bruyn (SA)
2004-2004	3	3	216	36.0	6	8	92	3	2/32	2/32	30.66	2.55	72.00	0	0	0	0
PA de Silva (SL)
2000-2002	14	11	512	85.2	6	24	196	3	1/7	1/7	65.33	2.29	170.66	0	0	0	0
MJ Guptill (NZ)
2009-2009	8	1	80	13.2	6	2	37	3	3/37	3/37	12.33	2.77	26.66	1	0	0	0
Imran Farhat (PAK)
2001-2009	31	11	325	54.1	6	3	235	3	2/69	2/69	78.33	4.33	108.33	0	0	0	0
J Lewis (ENG)
2006-2006	1	2	246	41.0	6	9	122	3	3/68	3/122	40.66	2.97	82.00	1	0	0	0
