# Strike-rate-enriched source data — 2010s (all nations). Provided by user (RTF upload).
# Markers: "+" incomplete, "*" estimated, "-" n/a.
# BATTING cols (after Span): Mat, Inns, NO, Runs, HS, Ave, BF, SR, 100, 30+, 50, 0, 4s, 6s
# BOWLING cols (after Span): Mat, Inns, Balls, Overs, BPO, Mdns, Runs, Wkts, BBI, BBM, Ave, Econ, SR, 3w, 4w, 5w, 10w

# ============ BATTING ============
AN Cook (ENG)
2010-2018	111	201	11	8818	294	46.41	18788	46.93	23	87	37	6	1010	9
JE Root (ENG)
2012-2019	89	164	12	7359	254	48.41	13534	54.37	17	80	45	8	829	20
V Kohli (IND)
2011-2019	84	141	10	7202	254*	54.97	12457	57.81	27	71	22	10	805	22
SPD Smith (AUS)
2010-2019	72	130	16	7164	239	62.84	12886	55.59	26	74	28	4	795	42
DA Warner (AUS)
2011-2019	83	153	6	7088	335*	48.21	9704	73.04	23	75	30	9	840	56
HM Amla (SA)
2010-2019	85	146	12	6695	311*	49.96	13262	50.48	21	72	27	7	834	12
KS Williamson (NZ)
2010-2019	78	137	13	6379	242*	51.44	12374	51.55	21	70	31	9	694	14
Azhar Ali (PAK)
2010-2019	77	146	8	5885	302*	42.64	14070	41.82	16	65	31	14	549	16
CA Pujara (IND)
2010-2019	75	124	8	5740	206*	49.48	12293	46.69	18	58	24	7	682	14
LRPL Taylor (NZ)
2010-2019	76	133	19	5486	290	48.12	9125	60.12	15	63	25	14	637	35
AD Mathews (SL)
2010-2019	77	140	20	5325	160	44.37	10969	48.54	9	70	32	2	566	52
AB de Villiers (SA)
2010-2018	60	98	10	5059	278*	57.48	9090	55.65	13	61	27	7	573	45
KC Sangakkara (SL)
2010-2015	46	86	7	4851	319	61.40	9288	52.22	17	45	20	7	514	29
Younis Khan (PAK)
2010-2017	55	101	12	4839	218	54.37	9586	50.47	18	49	12	7	444	46
MJ Clarke (AUS)
2010-2015	59	107	10	4717	329*	48.62	8081	58.37	16	39	10	4	556	22
Asad Shafiq (PAK)
2010-2019	73	122	6	4528	137	39.03	9314	48.61	12	55	26	13	498	29
IR Bell (ENG)
2010-2015	67	114	15	4436	235	44.80	9075	48.88	13	50	25	7	539	25
FDM Karunaratne (SL)
2012-2019	64	124	4	4421	196	36.84	9014	49.04	9	50	24	12	442	8
Misbah-ul-Haq (PAK)
2010-2017	57	101	17	4225	135	50.29	9153	46.15	8	55	35	6	405	73
AM Rahane (IND)
2013-2019	63	105	11	4112	188	43.74	8117	50.65	11	47	22	6	463	29
JM Bairstow (ENG)
2012-2019	70	123	7	4030	167*	34.74	7317	55.07	6	50	21	10	473	26
BB McCullum (NZ)
2010-2016	52	95	5	3979	302	44.21	5993	66.39	9	40	16	6	471	79
LD Chandimal (SL)
2011-2019	55	100	7	3846	164	41.35	7846	49.01	11	45	18	4	411	22
M Vijay (IND)
2010-2018	59	102	1	3821	167	37.83	8346	45.78	12	37	14	8	450	32
F du Plessis (SA)
2012-2019	62	106	14	3799	137	41.29	8261	45.98	9	46	21	9	466	20
BA Stokes (ENG)
2013-2019	60	110	4	3787	258	35.72	6533	57.96	8	44	20	12	471	63
Tamim Iqbal (BAN)
2010-2019	46	90	1	3719	206	41.78	6333	58.72	8	48	25	6	451	34
D Elgar (SA)
2012-2019	60	104	9	3666	199	38.58	7980	45.93	12	37	13	10	449	25
IJL Trott (ENG)
2010-2015	49	88	6	3560	226	43.41	7494	47.50	8	43	18	8	422	0
TWM Latham (NZ)
2014-2019	49	86	3	3554	264*	42.81	7606	46.72	11	36	16	8	395	13
BJ Watling (NZ)
2010-2019	66	104	14	3538	205	39.31	8322	42.51	8	42	17	9	399	7
Mushfiqur Rahim (BAN)
2010-2019	53	98	7	3531	219*	38.80	7338	48.11	6	43	17	8	420	26
DM Bravo (WI)
2010-2019	54	98	5	3506	218	37.69	7799	44.95	8	40	17	5	399	41
KC Brathwaite (WI)
2011-2019	59	112	7	3496	212	33.29	8574	40.77	8	41	17	12	337	10
KP Pietersen (ENG)
2010-2014	48	81	4	3382	227	43.92	5577	60.64	7	38	19	6	430	32
S Chanderpaul (WI)
2010-2015	41	70	17	3198	203*	60.33	7166	44.62	9	37	13	2	298	12
Shakib Al Hasan (BAN)
2010-2019	42	79	5	3147	217	42.52	4887	64.39	5	38	21	2	385	17
Mohammad Hafeez (PAK)
2010-2018	44	84	7	2975	224	38.63	5030	59.14	8	31	9	8	366	25
SR Tendulkar (IND)
2010-2013	38	64	5	2951	214	50.01	5491	53.74	8	33	14	0	364	17
UT Khawaja (AUS)
2011-2019	44	77	6	2887	174	40.66	5711	50.55	8	28	14	4	312	15
GC Smith (SA)
2010-2014	38	66	4	2814	234	45.38	4878	57.68	9	31	12	1	329	6
JH Kallis (SA)
2010-2013	33	55	7	2810	224	58.54	5234	53.68	13	28	6	6	307	28
MM Ali (ENG)
2014-2019	60	104	8	2782	155*	28.97	5442	51.12	5	35	14	14	337	25
BKG Mendis (SL)
2015-2019	42	82	3	2777	196	35.15	4918	56.46	6	29	10	7	347	26
SR Watson (AUS)
2010-2015	44	84	2	2758	176	33.63	5164	53.40	3	36	17	5	349	29
MJ Prior (ENG)
2010-2014	54	83	14	2709	126	39.26	4462	60.71	5	31	17	8	329	10
MS Dhoni (IND)
2010-2014	50	82	8	2700	224	36.48	4753	56.80	3	29	17	7	302	38
DPMD Jayawardene (SL)
2010-2014	39	70	2	2694	203*	39.61	5632	47.83	7	30	15	4	301	20
Mahmudullah (BAN)
2010-2019	46	87	5	2694	146	32.85	4988	54.00	4	35	16	10	311	23
Q de Kock (SA)
2014-2019	44	74	5	2683	129*	38.88	3679	72.92	5	35	18	5	341	24
Mominul Haque (BAN)
2013-2019	38	71	4	2657	181	39.65	4718	56.31	8	30	13	8	307	7
Sarfaraz Ahmed (PAK)
2010-2019	49	86	13	2657	112	36.39	3743	70.98	3	34	18	4	268	8
MEK Hussey (AUS)
2010-2013	33	58	7	2597	195	50.92	4894	53.06	9	27	10	5	274	21
MN Samuels (WI)
2011-2016	42	74	3	2509	260	35.33	5047	49.71	5	29	15	10	343	27
R Ashwin (IND)
2011-2019	70	96	13	2385	124	28.73	4362	54.67	4	33	11	3	269	14
SCJ Broad (ENG)
2010-2019	111	165	23	2354	169	16.57	3588	65.60	1	26	7	33	277	35
V Sehwag (IND)
2010-2013	32	57	2	2338	173	42.50	2674	87.43	6	32	13	6	348	16
S Dhawan (IND)
2013-2018	34	58	1	2315	190	40.61	3458	66.94	7	21	5	4	316	12
SE Marsh (AUS)
2011-2019	38	68	2	2265	182	34.31	5165	43.85	6	25	10	10	264	8
MJ Guptill (NZ)
2010-2016	39	75	1	2257	189	30.50	4885	46.20	3	25	16	8	278	19
RG Sharma (IND)
2013-2019	32	53	7	2141	212	46.54	3613	59.25	6	25	10	4	216	52
JK Silva (SL)
2011-2018	39	74	0	2099	139	28.36	5212	40.27	3	25	12	6	238	2
AN Petersen (SA)
2010-2015	36	64	4	2093	182	34.88	4044	51.75	5	23	8	3	256	12
JC Buttler (ENG)
2014-2019	38	68	6	2046	106	33.00	3564	57.40	1	29	15	5	243	24
R Dravid (IND)
2010-2012	27	49	5	2032	191	46.18	4624	43.94	8	23	5	0	235	3
KOA Powell (WI)
2011-2018	40	76	1	2011	134	26.81	3930	51.17	3	25	6	7	261	16
KL Rahul (IND)
2014-2019	36	60	2	2006	199	34.58	3553	56.45	5	24	11	6	237	14
CJL Rogers (AUS)
2013-2015	24	46	1	1996	173	44.35	3955	50.46	5	25	14	1	264	1
JO Holder (WI)
2014-2019	40	69	11	1898	202*	32.72	3178	59.72	3	23	8	3	223	33
VVS Laxman (IND)
2010-2012	26	47	8	1864	176*	47.79	3672	50.76	3	25	14	2	204	1
BJ Haddin (AUS)
2010-2015	43	74	9	1862	136	28.64	3160	58.92	2	24	13	7	198	32
N Dickwella (SL)
2014-2019	35	64	4	1857	83	30.95	2729	68.04	0	25	14	3	211	9
RA Jadeja (IND)
2012-2019	48	69	17	1844	100*	35.46	2899	63.60	1	25	14	4	176	49
RT Ponting (AUS)
2010-2012	28	51	2	1828	221	37.30	3383	54.03	3	19	12	6	204	4
T Bavuma (SA)
2014-2019	39	65	7	1812	102*	31.24	3761	48.17	1	26	13	7	229	4
TM Dilshan (SL)
2010-2013	27	50	1	1801	193	36.75	2654	67.85	5	20	10	4	227	7
DM de Silva (SL)
2016-2019	29	55	4	1758	173	34.47	3112	56.49	6	18	5	6	218	12
HM Nicholls (NZ)
2016-2019	31	47	5	1711	162*	40.73	3435	49.81	5	19	9	4	186	2
Babar Azam (PAK)
2016-2019	25	47	7	1707	127*	42.67	3058	55.82	4	18	13	6	198	9
VD Philander (SA)
2011-2019	61	88	19	1700	74	24.63	3764	45.16	0	21	8	8	192	17
RL Chase (WI)
2016-2019	32	58	4	1695	137*	31.38	3503	48.38	5	21	7	6	186	11
AJ Strauss (ENG)
2010-2012	31	52	1	1670	141	32.74	3589	46.53	3	20	9	6	197	2
JP Duminy (SA)
2010-2017	38	60	8	1643	155	31.59	3398	48.35	5	17	5	8	196	11
Imrul Kayes (BAN)
2010-2019	33	64	2	1636	150	26.38	3326	49.18	3	20	4	4	218	11
G Gambhir (IND)
2010-2016	31	56	2	1601	116	29.64	3260	49.11	1	21	12	6	203	4
TG Southee (NZ)
2010-2019	65	94	8	1535	68	17.84	1765	86.96	0	14	4	7	155	60
TT Samaraweera (SL)
2010-2013	24	42	7	1524	137*	43.54	3376	45.14	3	20	9	5	160	2
GS Ballance (ENG)
2014-2017	23	42	2	1498	156	37.45	3176	47.16	4	15	7	3	195	8
SD Hope (WI)
2015-2019	31	58	3	1498	147	27.23	3506	42.72	2	17	5	2	173	6
MA Starc (AUS)
2011-2019	56	84	17	1493	99	22.28	2188	68.23	0	17	10	11	152	40
HMRKB Herath (SL)
2010-2018	72	117	24	1492	80*	16.04	2848	52.38	0	13	3	17	176	6
AC Voges (AUS)
2015-2016	20	31	7	1485	269*	61.87	2667	55.68	5	13	4	2	186	5
D Ramdin (WI)
2010-2016	35	58	7	1479	126*	29.00	3011	49.11	3	17	7	3	182	4
SO Dowrich (WI)
2015-2019	31	56	8	1444	125*	30.08	3105	46.50	3	19	8	6	163	11
H Masakadza (ZIM)
2011-2018	23	46	1	1438	158	31.95	3223	44.61	4	15	5	5	157	19
AK Markram (SA)
2017-2019	20	37	0	1424	152	38.48	2240	63.57	4	14	6	5	201	7
BRM Taylor (ZIM)
2011-2018	18	36	4	1418	171	44.31	2646	53.59	6	15	5	2	126	13
MS Wade (AUS)
2012-2019	31	54	9	1418	117	31.51	2774	51.11	4	17	5	2	152	11
HDRL Thirimanne (SL)
2011-2019	35	68	6	1404	155*	22.64	3698	37.96	1	15	6	9	135	3
CH Gayle (WI)
2010-2014	18	32	5	1366	333	50.59	1936	70.55	3	14	6	1	173	33
J Blackwood (WI)
2014-2019	28	49	4	1362	112*	30.26	2308	59.01	1	17	10	5	159	27
JA Burns (AUS)
2014-2019	20	34	0	1321	180	38.85	2315	57.06	4	14	6	5	170	11
TD Paine (AUS)
2010-2019	30	49	8	1295	92	31.58	2914	44.44	0	19	7	4	142	4
NT Paranavitana (SL)
2010-2012	22	42	5	1262	111	34.10	3239	38.96	2	17	7	7	138	5
MR Marsh (AUS)
2014-2019	32	55	5	1260	181	25.20	2486	50.68	2	12	3	6	160	17
WP Saha (IND)
2010-2019	37	50	9	1238	117	30.19	2720	45.51	3	16	5	6	119	12
Taufeeq Umar (PAK)
2010-2014	19	37	3	1234	236	36.29	2774	44.48	3	13	5	3	153	1
MDK Perera (SL)
2014-2019	41	73	8	1208	95	18.58	2556	47.26	0	15	6	13	145	22
MG Johnson (AUS)
2010-2015	43	70	8	1190	92*	19.19	2092	56.88	0	16	7	14	138	15
M Labuschagne (AUS)
2018-2019	13	21	0	1185	185	56.42	2144	55.27	3	13	7	1	135	3
CR Woakes (ENG)
2013-2019	32	53	11	1145	137*	27.26	2294	49.91	1	15	4	6	148	3
JA Raval (NZ)
2016-2019	23	37	1	1100	132	30.55	2595	42.38	1	17	7	3	137	1
Shan Masood (PAK)
2013-2019	19	37	0	1089	135	29.43	2390	45.56	2	13	6	3	101	10
TM Head (AUS)
2018-2019	16	27	2	1081	161	43.24	2122	50.94	2	13	7	2	128	1
HAPW Jayawardene (SL)
2010-2015	28	43	5	1080	120	28.42	2203	49.02	2	13	3	4	115	10
PJ Hughes (AUS)
2010-2013	21	40	2	1063	126	27.97	2060	51.60	1	12	6	5	138	5
C de Grandhomme (NZ)
2016-2019	21	32	4	1044	105	37.28	1240	84.19	1	14	7	4	99	36
Nasir Hossain (BAN)
2011-2017	19	32	2	1044	100	34.80	1917	54.46	1	14	6	2	119	10
WU Tharanga (SL)
2014-2017	16	32	2	1041	115	34.70	1772	58.74	2	11	5	2	140	4
DJG Sammy (WI)
2010-2013	30	48	2	1032	106	22.43	1409	73.24	1	13	5	6	121	32
NM Lyon (AUS)
2011-2019	95	122	38	1025	47	12.20	2175	47.12	0	6	0	15	132	6
EJM Cowan (AUS)
2011-2013	18	32	0	1001	136	31.28	2425	41.27	1	14	6	2	123	2
KA Edwards (WI)
2011-2014	17	32	1	986	121	31.80	2052	48.05	2	12	8	4	111	12
Ahmed Shehzad (PAK)
2013-2017	13	25	1	982	176	40.91	1926	50.98	3	11	4	1	99	8
RJ Burns (ENG)
2018-2019	15	29	0	979	133	33.75	2167	45.17	2	11	6	1	123	0
PM Siddle (AUS)
2010-2019	52	74	10	947	51	14.79	2068	45.79	0	12	2	11	97	3
CR Ervine (ZIM)
2011-2017	15	30	2	941	160	33.60	1925	48.88	2	9	3	2	113	6
PSP Handscomb (AUS)
2016-2019	16	29	5	934	110	38.91	1874	49.83	2	12	4	1	105	1
MDKJ Perera (SL)
2015-2019	18	33	3	934	153*	31.13	1263	73.95	2	10	4	5	118	11
GP Swann (ENG)
2010-2013	46	59	10	907	56	18.51	1229	73.79	0	10	1	4	122	14
MA Agarwal (IND)
2018-2019	9	13	0	872	243	67.07	1540	56.62	3	7	3	0	103	21
KAJ Roach (WI)
2010-2019	51	80	14	844	41	12.78	2129	39.64	0	7	0	12	96	9
SO Hetmyer (WI)
2017-2019	16	30	0	838	93	27.93	1138	73.63	0	9	5	0	85	27
Sikandar Raza (ZIM)
2013-2018	12	24	0	818	127	34.08	1496	54.67	1	10	6	3	85	10
Soumya Sarkar (BAN)
2015-2019	15	28	0	818	149	29.21	1404	58.26	1	11	4	1	108	9
DW Steyn (SA)
2010-2019	59	76	19	808	58	14.17	1815	44.51	0	7	1	8	78	27
RAS Lakmal (SL)
2010-2019	59	93	23	804	42	11.48	1658	48.49	0	6	0	18	106	7
SM Katich (AUS)
2010-2010	9	18	1	796	106	46.82	1689	47.12	2	10	5	1	96	1
KK Jennings (ENG)
2016-2019	17	32	1	781	146*	25.19	1838	42.49	2	8	1	4	88	0
NRD Compton (ENG)
2012-2016	16	30	3	775	117	28.70	2150	36.04	2	9	2	3	84	3
SK Raina (IND)
2010-2015	18	31	2	768	120	26.48	1445	53.14	1	10	7	8	100	4
Sami Aslam (PAK)
2015-2017	13	25	1	758	91	31.58	1938	39.11	0	9	7	0	77	4
HD Rutherford (NZ)
2013-2015	16	29	1	755	171	26.96	1338	56.42	1	10	1	2	98	9
RR Pant (IND)
2018-2019	11	18	1	754	159*	44.35	1065	70.79	2	8	2	1	76	18
DL Vettori (NZ)
2010-2014	16	28	0	752	110	26.85	1227	61.28	1	10	2	3	85	4
Haris Sohail (PAK)
2017-2019	13	22	1	744	147	35.42	1716	43.35	2	11	2	1	65	11
Litton Das (BAN)
2015-2019	18	31	1	744	94	24.80	1287	57.80	0	10	4	1	103	3
MJ Santner (NZ)
2015-2019	22	29	0	741	126	25.55	1749	42.36	1	8	2	2	87	17
JM Anderson (ENG)
2010-2019	106	152	61	729	81	8.01	1749	41.68	0	1	1	25	106	2
DJ Malan (ENG)
2017-2018	15	26	0	724	140	27.84	1762	41.08	1	7	6	1	97	1
DG Brownlie (NZ)
2011-2013	14	25	1	711	109	29.62	1587	44.80	1	8	4	3	96	3
JDS Neesham (NZ)
2014-2017	12	22	1	709	137*	33.76	1069	66.32	2	7	4	2	88	11
D Bishoo (WI)
2011-2018	36	61	15	707	45	15.36	1903	37.15	0	4	0	10	70	4
ARS Silva (SL)
2017-2019	12	23	3	702	109	35.10	1712	41.00	1	9	5	2	59	3
Yasir Shah (PAK)
2014-2019	38	57	6	702	113	13.76	1508	46.55	1	5	0	9	80	7
Harbhajan Singh (IND)
2010-2015	23	34	3	700	115	22.58	1058	66.16	2	7	2	5	72	22
EJG Morgan (ENG)
2010-2012	16	24	1	700	130	30.43	1278	54.77	2	8	3	4	77	6
CJ Anderson (NZ)
2013-2016	13	22	1	683	116	32.52	1201	56.86	1	10	4	3	94	14
RW Chakabva (ZIM)
2011-2018	14	28	2	678	101	26.07	1738	39.01	1	6	4	2	56	4
PG Fulton (NZ)
2013-2014	13	23	0	653	136	28.39	1743	37.46	2	7	4	1	75	12
JL Denly (ENG)
2019-2019	11	21	0	651	94	31.00	1567	41.54	0	9	6	0	87	4
MV Boucher (SA)
2010-2012	19	24	2	647	95	29.40	1203	53.78	0	9	5	1	69	3
PJ Cummins (AUS)
2011-2019	29	43	6	639	63	17.27	1668	38.30	0	6	2	7	68	10
Mehidy Hasan Miraz (BAN)
2016-2019	22	42	6	638	68*	17.72	1232	51.78	0	5	2	2	69	9
MT Renshaw (AUS)
2016-2018	11	20	1	636	184	33.47	1497	42.48	1	8	3	0	77	3
SC Cook (SA)
2016-2017	11	19	0	632	117	33.26	1402	45.07	3	7	2	3	66	0
TA Boult (NZ)
2011-2019	65	80	38	615	52*	14.64	1124	54.71	0	4	1	13	59	28
TMK Mawoyo (ZIM)
2011-2016	11	22	1	615	163*	29.28	1660	37.04	1	9	3	2	78	0
SM Curran (ENG)
2018-2019	14	25	4	610	78	29.04	966	63.14	0	7	3	3	69	17
M Morkel (SA)
2010-2018	67	78	21	608	40	10.66	1098	55.37	0	3	0	18	92	5
RJ Harris (AUS)
2010-2015	27	39	11	603	74	21.53	955	63.14	0	5	3	2	63	9
Mohammad Amir (PAK)
2010-2019	29	53	8	598	48	13.28	1474	40.56	0	3	0	6	74	2
JA Rudolph (SA)
2011-2012	13	20	2	594	105*	33.00	1263	47.03	1	8	3	0	74	1
Adnan Akmal (PAK)
2010-2014	21	29	5	591	64	24.62	1341	44.07	0	9	3	2	73	0
MD Craig (NZ)
2014-2016	15	25	9	589	67	36.81	1083	54.38	0	9	3	1	65	10
Mohammad Ashraful (BAN)
2010-2013	11	22	1	588	190	28.00	1255	46.85	1	6	1	1	71	1
K Rabada (SA)
2015-2019	41	60	10	586	34	11.72	1276	45.92	0	4	0	11	85	6
MN Waller (ZIM)
2011-2017	14	28	1	577	72*	21.37	1136	50.79	0	6	4	4	68	1
A Mishra (IND)
2010-2016	16	25	0	575	84	23.00	989	58.13	0	7	4	3	70	2
AD Hales (ENG)
2015-2016	11	21	0	573	94	27.28	1307	43.84	0	5	5	0	77	3
DAJ Bracewell (NZ)
2011-2016	27	45	4	568	47	13.85	1225	46.36	0	5	0	11	70	8
Khurram Manzoor (PAK)
2010-2014	10	20	0	568	146	28.40	1252	45.36	1	6	5	3	70	1
TT Bresnan (ENG)
2010-2013	21	25	4	566	91	26.95	1442	39.25	0	7	3	3	66	1
KA Maharaj (SA)
2016-2019	28	44	6	566	72	14.89	921	61.45	0	6	1	7	65	13
I Sharma (IND)
2010-2019	77	102	31	561	57	7.90	1900	29.52	0	3	1	24	64	0
N Wagner (NZ)
2012-2019	46	60	16	554	47	12.59	1238	44.74	0	4	0	11	60	21
SC Williams (ZIM)
2013-2018	10	20	0	553	119	27.65	1012	54.64	1	6	2	0	71	1
B Kumar (IND)
2013-2018	21	29	4	552	63*	22.08	1225	45.06	0	8	3	4	77	1
JM Vince (ENG)
2016-2018	13	22	0	548	83	24.90	1100	49.81	0	7	3	2	86	0
Umar Akmal (PAK)
2010-2011	12	22	2	546	79*	27.30	833	65.54	0	8	2	0	59	9
Salman Butt (PAK)
2010-2010	8	16	0	543	102	33.93	1060	51.22	1	6	3	1	87	0
V Sibanda (ZIM)
2011-2014	11	22	0	543	93	24.68	1086	50.00	0	9	2	1	76	6
AU Rashid (ENG)
2015-2019	19	33	5	540	61	19.28	1270	42.51	0	7	2	3	62	4
PJ Moor (ZIM)
2016-2018	8	16	1	533	83	35.53	1185	44.97	0	8	5	1	54	5
HH Pandya (IND)
2017-2018	11	18	1	532	108	31.29	720	73.88	1	6	4	2	68	12
AG Prince (SA)
2010-2011	16	23	4	528	78*	27.78	1330	39.69	0	8	3	3	49	2
PD Collingwood (ENG)
2010-2011	13	19	0	527	145	27.73	1050	50.19	1	6	2	2	58	7
MD Stoneman (ENG)
2017-2018	11	20	1	526	60	27.68	1188	44.27	0	8	5	1	66	1
AB Barath (WI)
2010-2012	13	24	0	518	64	21.58	1161	44.61	0	7	4	2	68	5
N Deonarine (WI)
2010-2013	13	22	1	518	79	24.66	1183	43.78	0	5	4	3	54	4
AG Cremer (ZIM)
2012-2017	13	26	4	511	102*	23.22	1463	34.92	1	6	0	3	47	2
Imam-ul-Haq (PAK)
2018-2019	11	21	2	485	76	25.52	1042	46.54	0	7	3	3	59	3
Sabbir Rahman (BAN)
2016-2018	11	22	2	481	66	24.05	875	54.97	0	7	4	5	57	6
MJ North (AUS)
2010-2010	10	17	1	470	128	29.37	957	49.11	2	3	1	3	61	4
PM Nevill (AUS)
2015-2016	17	23	2	468	66	22.28	1151	40.66	0	6	3	1	52	1
GH Vihari (IND)
2018-2019	7	12	1	466	111	42.36	967	48.19	1	6	3	1	59	2
Shoaib Malik (PAK)
2010-2015	7	14	0	458	245	32.71	894	51.23	1	4	1	2	53	4
Shahriar Nafees (BAN)
2010-2013	9	18	0	457	97	25.38	769	59.42	0	5	3	2	72	0
Imran Farhat (PAK)
2010-2013	9	18	0	456	67	25.33	993	45.92	0	7	2	1	61	0
DAS Gunaratne (SL)
2016-2017	6	10	2	455	116	56.87	861	52.84	1	6	3	1	50	1
Mohammed Shami (IND)
2013-2019	47	60	19	453	51*	11.04	601	75.37	0	3	1	13	46	18
IS Sodhi (NZ)
2013-2018	17	25	4	448	63	21.33	851	52.64	0	5	3	4	50	7
CT Bancroft (AUS)
2017-2019	10	18	1	446	82*	26.23	1042	42.80	0	4	3	1	62	1
DS Smith (WI)
2010-2018	12	21	0	445	65	21.19	1047	42.50	0	6	4	1	58	1
Junaid Siddique (BAN)
2010-2012	7	14	0	443	106	31.64	1084	40.86	1	6	3	0	59	0
TB de Bruyn (SA)
2017-2019	12	23	1	428	101	19.45	913	46.87	1	6	0	2	65	2
Saeed Ajmal (PAK)
2010-2014	30	43	7	422	50	11.72	995	42.41	0	3	1	7	41	4
JL Pattinson (AUS)
2011-2019	20	24	9	415	47*	27.66	951	43.63	0	6	0	2	44	7
CS Baugh (WI)
2010-2012	16	26	2	414	60	17.25	873	47.42	0	4	2	1	45	3
KTGD Prasad (SL)
2010-2015	21	35	2	410	47	12.42	767	53.45	0	5	0	8	45	8
LR Johnson (WI)
2014-2016	9	16	0	403	66	25.18	832	48.43	0	7	2	2	55	1
JR Hazlewood (AUS)
2014-2019	51	62	29	402	39	12.18	908	44.27	0	2	0	10	55	2
S van Zyl (SA)
2014-2016	12	17	2	395	101*	26.33	778	50.77	1	7	0	2	59	0
MS Harris (AUS)
2018-2019	9	17	1	385	79	24.06	737	52.23	0	3	2	0	47	0
E Chigumbura (ZIM)
2011-2014	8	15	0	382	88	25.46	667	57.27	0	3	3	1	39	3
TG McIntosh (NZ)
2010-2011	7	14	0	382	102	27.28	1003	38.08	1	4	2	2	39	6
KK Nair (IND)
2016-2017	6	7	1	374	303*	62.33	506	73.91	1	1	0	1	41	4
Taijul Islam (BAN)
2014-2019	27	45	6	374	39*	9.58	941	39.74	0	2	0	5	47	2
Naeem Islam (BAN)
2010-2012	6	11	2	372	108	41.33	978	38.03	1	6	1	0	46	4
JD Ryder (NZ)
2010-2011	7	13	0	371	103	28.53	681	54.47	1	4	2	3	43	3
KDK Vithanage (SL)
2013-2015	10	16	2	370	103*	26.42	484	76.44	1	5	1	1	44	9
Abdur Rehman (PAK)
2010-2014	20	28	2	361	60	13.88	830	43.49	0	4	2	3	42	9
BP Nash (WI)
2010-2011	9	14	0	356	114	25.42	725	49.10	1	4	2	0	33	1
Yuvraj Singh (IND)
2010-2012	9	14	0	355	74	25.35	636	55.81	0	4	3	1	45	7
DR Flynn (NZ)
2012-2013	8	16	0	349	53	21.81	882	39.56	0	6	2	4	46	1
Jahurul Islam (BAN)
2010-2013	7	14	1	347	48	26.69	902	38.47	0	6	0	2	37	4
MA Carberry (ENG)
2010-2014	6	12	0	345	60	28.75	835	41.31	0	8	1	2	54	1
CFK van Wyk (NZ)
2012-2012	9	17	1	341	71	21.31	694	49.13	0	5	1	3	41	0
GJ Maxwell (AUS)
2013-2017	7	14	1	339	104	26.07	570	59.47	1	4	0	0	33	7
UT Yadav (IND)
2011-2019	45	50	22	339	31	12.10	666	50.90	0	2	0	5	32	17
SD Robson (ENG)
2014-2014	7	11	0	336	127	30.54	755	44.50	1	3	1	0	42	1
BT Foakes (ENG)
2018-2019	5	10	2	332	107	41.50	617	53.80	1	5	1	0	29	5
Z Khan (IND)
2010-2014	24	38	2	327	35	9.08	611	53.51	0	2	0	11	41	11
Sohag Gazi (BAN)
2012-2014	10	16	1	325	101*	21.66	529	61.43	1	3	0	3	32	11
Abid Ali (PAK)
2019-2019	2	3	1	321	174	160.50	548	58.57	2	3	0	0	39	2
A Mukund (IND)
2011-2017	7	14	0	320	81	22.85	700	45.71	0	4	2	3	32	1
L Ronchi (NZ)
2015-2016	4	8	0	319	88	39.87	432	73.84	0	6	2	1	41	6
JWA Taylor (ENG)
2012-2016	7	13	1	312	76	26.00	753	41.43	0	4	2	1	32	2
Umar Gul (PAK)
2010-2013	23	35	7	308	65*	11.00	582	52.92	0	2	1	9	33	11
Wahab Riaz (PAK)
2010-2018	27	41	5	306	39	8.50	727	42.09	0	2	0	9	32	5
Shamsur Rahman (BAN)
2014-2014	6	12	0	305	106	25.41	640	47.65	1	5	0	1	40	3
RJ Peterson (SA)
2012-2014	9	13	2	301	84	27.36	422	71.32	0	4	2	2	42	1
MD Gunathilaka (SL)
2017-2018	8	16	0	299	61	18.68	597	50.08	0	2	2	0	32	3
JD Campbell (WI)
2019-2019	6	12	2	298	55	29.80	483	61.69	0	5	1	1	36	4
Rahmat Shah (AFG)
2018-2019	4	8	0	298	102	37.25	561	53.11	1	3	2	2	41	2
TAM Siriwardana (SL)
2015-2016	5	9	0	298	68	33.11	454	65.63	0	5	2	1	32	11
MA Wood (ENG)
2015-2019	13	23	5	297	52	16.50	493	60.24	0	2	1	2	46	2
Shahadat Hossain (BAN)
2010-2015	15	26	4	290	40	13.18	537	54.00	0	1	0	3	37	5
BW Hilfenhaus (AUS)
2010-2012	18	27	7	287	56*	14.35	540	53.14	0	2	1	6	38	5
ST Finn (ENG)
2010-2016	36	47	22	279	56	11.16	901	30.96	0	1	1	9	36	0
AJ Finch (AUS)
2018-2018	5	10	0	278	62	27.80	618	44.98	0	5	2	1	30	1
BOP Fernando (SL)
2019-2019	4	7	1	277	102	46.16	513	53.99	1	4	1	1	36	3
Shadman Islam (BAN)
2018-2019	6	11	0	275	76	25.00	622	44.21	0	3	1	2	32	0
T Taibu (ZIM)
2011-2012	4	8	0	273	63	34.12	622	43.89	0	4	3	0	28	2
TA Blundell (NZ)
2017-2019	3	5	1	272	121	68.00	468	58.11	2	2	0	0	34	1
R Rampaul (WI)
2010-2012	15	25	6	270	34	14.21	522	51.72	0	4	0	4	30	8
S Shillingford (WI)
2010-2014	16	26	6	266	53*	13.30	628	42.35	0	3	1	7	30	9
A Lyth (ENG)
2015-2015	7	13	0	265	107	20.38	529	50.09	1	2	0	1	40	1
KJ O'Brien (IRE)
2018-2019	3	6	1	258	118	51.60	467	55.24	1	3	1	0	29	0
BB Chari (ZIM)
2014-2018	7	14	0	254	80	18.14	642	39.56	0	3	2	2	26	6
Rubel Hossain (BAN)
2010-2018	24	42	17	254	45*	10.16	520	48.84	0	1	0	7	33	4
Sohail Khan (PAK)
2011-2016	8	12	2	252	65	25.20	328	76.82	0	4	1	0	34	8
PA Patel (IND)
2016-2018	5	8	1	251	71	35.85	400	62.75	0	3	2	0	33	1
JS Patel (NZ)
2010-2017	15	26	6	250	47	12.50	437	57.20	0	1	0	6	31	3
Asghar Afghan (AFG)
2018-2019	4	7	0	249	92	35.57	463	53.77	0	3	3	1	19	9
Shuvagata Hom (BAN)
2014-2016	8	15	4	244	50	22.18	437	55.83	0	3	1	3	29	0
Shadab Khan (PAK)
2017-2019	5	9	2	240	56	34.28	381	62.99	0	4	3	0	33	0
PP Shaw (IND)
2018-2018	2	3	1	237	134	118.50	252	94.04	1	3	1	0	34	1
SJ Benn (WI)
2010-2015	14	19	3	235	42	14.68	361	65.09	0	1	0	3	31	7
Mohammad Mithun (BAN)
2018-2019	7	13	0	228	67	17.53	479	47.59	0	2	1	3	20	1
J Yadav (IND)
2016-2017	4	6	1	228	104	45.60	515	44.27	1	3	1	0	28	0
JE Taylor (WI)
2014-2016	17	27	1	227	40	8.73	285	79.64	0	2	0	7	28	7
DT Tiripano (ZIM)
2014-2018	7	14	3	227	49*	20.63	769	29.51	0	2	0	2	29	1
MJ Henry (NZ)
2015-2019	11	15	4	221	66	20.09	278	79.49	0	1	1	2	32	5
MJ Leach (ENG)
2018-2019	10	18	6	220	92	18.33	554	39.71	0	1	1	2	31	0
H Hameed (ENG)
2016-2016	3	6	1	219	82	43.80	640	34.21	0	3	2	0	23	2
R Mutumbami (ZIM)
2013-2014	6	12	1	217	43	19.72	458	47.37	0	2	0	1	29	1
Mohammad Rizwan (PAK)
2016-2019	5	8	2	215	95	35.83	340	63.23	0	3	1	2	26	0
Shafiul Islam (BAN)
2010-2017	11	21	1	211	53	10.55	439	48.06	0	1	1	2	31	3
TL Best (WI)
2012-2013	11	15	3	205	95	17.08	303	67.65	0	1	1	5	29	3
NLTC Perera (SL)
2011-2012	6	10	0	203	75	20.30	278	73.02	0	2	1	0	21	4
ST Gabriel (WI)
2012-2019	45	66	24	200	20*	4.76	534	37.45	0	0	0	17	25	5
UWMBCA Welegedara (SL)
2010-2014	17	26	5	199	48	9.47	381	52.23	0	1	0	4	27	4
AC Agar (AUS)
2013-2017	4	7	1	195	98	32.50	351	55.55	0	2	1	0	24	3
STR Binny (IND)
2014-2015	6	10	1	194	78	21.55	333	58.25	0	2	1	2	23	1
Mohammad Yousuf (PAK)
2010-2010	4	8	0	194	56	24.25	323	60.06	0	3	1	1	31	0
RMS Eranga (SL)
2011-2016	19	26	11	193	45*	12.86	469	41.15	0	1	0	4	26	0
T Westley (ENG)
2017-2017	5	9	1	193	59	24.12	453	42.60	0	2	1	0	33	0
Fakhar Zaman (PAK)
2018-2019	3	6	0	192	94	32.00	359	53.48	0	2	2	0	20	1
DJ Bravo (WI)
2010-2010	6	8	0	191	61	23.87	462	41.34	0	3	2	1	15	5
AJ Doolan (AUS)
2014-2014	4	8	0	191	89	23.87	455	41.97	0	2	1	1	26	1
LMP Simmons (WI)
2011-2011	5	10	0	191	49	19.10	366	52.18	0	2	0	1	18	3
JJ Roy (ENG)
2019-2019	5	10	0	187	72	18.70	318	58.80	0	2	1	1	26	1
GJ Bailey (AUS)
2013-2014	5	8	1	183	53	26.14	311	58.84	0	4	1	1	15	8
CR Brathwaite (WI)
2015-2016	3	5	1	181	69	45.25	284	63.73	0	3	3	1	12	7
CJ Jordan (ENG)
2014-2015	8	11	1	180	35	18.00	320	56.25	0	1	0	0	24	1
SSJ Brooks (WI)
2019-2019	3	5	0	174	111	34.80	375	46.40	1	2	1	1	25	1
CH Morris (SA)
2016-2017	4	7	0	173	69	24.71	362	47.79	0	2	1	0	25	0
Tanvir Ahmed (PAK)
2010-2013	5	7	2	170	57	34.00	271	62.73	0	3	1	0	26	0
RA Young (NZ)
2011-2011	5	10	3	169	57	24.14	419	40.33	0	2	1	1	19	1
SW Ambris (WI)
2017-2018	6	12	1	166	43	15.09	356	46.62	0	2	0	2	17	1
Abul Hasan (BAN)
2012-2013	3	5	3	165	113	82.50	278	59.35	1	1	0	0	17	5
JEC Franklin (NZ)
2011-2013	5	10	1	164	43*	18.22	492	33.33	0	3	0	0	14	1
MC Henriques (AUS)
2013-2016	4	8	1	164	81*	23.42	346	47.39	0	2	2	2	12	2
Mosaddek Hossain (BAN)
2017-2019	3	6	2	164	75	41.00	350	46.85	0	2	1	0	12	4
OJ Pope (ENG)
2018-2019	4	6	0	164	75	27.33	381	43.04	0	1	1	0	20	0
Hasan Ali (PAK)
2017-2019	9	15	5	155	29	15.50	165	93.93	0	0	0	3	18	8
SR Patel (ENG)
2012-2015	6	9	0	151	42	16.77	338	44.67	0	2	0	2	16	1
P Kumar (IND)
2011-2011	6	10	0	149	40	14.90	159	93.71	0	1	0	2	21	5
BAW Mendis (SL)
2010-2014	9	8	2	149	78	24.83	314	47.45	0	2	1	0	18	1
Ibrahim Zadran (AFG)
2019-2019	2	4	0	148	87	37.00	388	38.14	0	1	1	0	15	4
S Randiv (SL)
2010-2012	12	17	1	147	39	9.18	480	30.62	0	1	0	3	16	0
A Balbirnie (IRE)
2018-2019	3	6	0	146	82	24.33	247	59.10	0	2	2	2	23	0
FH Edwards (WI)
2011-2012	12	19	7	146	30	12.16	428	34.11	0	1	0	1	16	0
NM Hauritz (AUS)
2010-2010	6	9	4	146	41*	29.20	284	51.40	0	1	0	0	17	2
KMDN Kulasekara (SL)
2010-2014	10	12	0	146	33	12.16	389	37.53	0	1	0	2	13	4
Zubayr Hamza (SA)
2019-2019	3	6	0	146	62	24.33	243	60.08	0	3	1	2	21	2
KR Patterson (AUS)
2019-2019	2	2	1	144	114*	144.00	274	52.55	1	2	0	0	17	1
Zulfiqar Babar (PAK)
2013-2016	15	18	9	144	56	16.00	207	69.56	0	1	1	2	15	4
JA Warrican (WI)
2015-2019	8	14	9	142	41	28.40	253	56.12	0	1	0	1	13	2
R Chandrika (WI)
2015-2016	5	10	0	140	37	14.00	448	31.25	0	2	0	3	11	0
Faheem Ashraf (PAK)
2018-2019	4	6	0	138	83	23.00	197	70.05	0	2	1	2	19	1
Hashmatullah Shahidi (AFG)
2018-2019	3	6	2	138	61	34.50	336	41.07	0	2	1	0	19	0
Rahat Ali (PAK)
2013-2018	21	31	13	136	35*	7.55	372	36.55	0	1	0	8	19	3
Afsar Zazai (AFG)
2018-2019	3	6	1	135	48*	27.00	338	39.94	0	3	0	0	11	2
A Dananjaya (SL)
2018-2019	6	10	2	135	43*	16.87	254	53.14	0	2	0	3	14	0
N Pradeep (SL)
2011-2017	28	50	17	132	17*	4.00	361	36.56	0	0	0	18	19	0
J Mubarak (SL)
2015-2015	3	6	0	131	49	21.83	271	48.33	0	2	0	2	16	2
DL Piedt (SA)
2014-2019	9	12	1	131	56	11.90	438	29.90	0	1	1	2	13	2
Imran Tahir (SA)
2011-2015	20	23	9	130	29*	9.28	235	55.31	0	0	0	2	18	1
KM Jarvis (ZIM)
2011-2018	12	22	10	126	25*	10.50	364	34.61	0	0	0	4	13	1
Marshall Ayub (BAN)
2013-2014	3	6	0	125	41	20.83	291	42.95	0	2	0	0	13	1
Nazimuddin (BAN)
2011-2012	3	6	0	125	78	20.83	320	39.06	0	2	1	2	17	2
S Samarawickrama (SL)
2017-2017	4	8	0	125	38	15.62	177	70.62	0	2	0	2	17	1
CJ Chibhabha (ZIM)
2016-2017	3	6	0	124	60	20.66	341	36.36	0	1	1	0	18	0
C Overton (ENG)
2017-2019	4	8	2	124	41*	20.66	304	40.78	0	2	0	0	15	1
Kamran Akmal (PAK)
2010-2010	6	12	0	123	46	10.25	213	57.74	0	1	0	4	19	1
AB Fudadin (WI)
2012-2012	3	5	1	122	55	30.50	380	32.10	0	1	1	0	15	0
Junaid Khan (PAK)
2011-2015	22	28	11	122	17	7.17	306	39.86	0	0	0	5	14	2
A Mithun (IND)
2010-2011	4	5	0	120	46	24.00	249	48.19	0	2	0	1	16	0
Abdur Razzak (BAN)
2010-2018	8	13	3	119	43	11.90	164	72.56	0	1	0	0	9	6
PADLR Sandakan (SL)
2016-2018	11	17	6	117	25	10.63	274	42.70	0	0	0	0	19	0
Nurul Hasan (BAN)
2017-2018	3	6	0	115	64	19.16	186	61.82	0	2	1	3	11	2
ML Cummins (WI)
2016-2019	14	22	7	114	24*	7.60	321	35.51	0	0	0	6	12	4
HG Kuhn (SA)
2017-2017	4	8	0	113	34	14.12	297	38.04	0	1	0	0	18	0
LE Plunkett (ENG)
2014-2014	4	7	3	112	55*	28.00	191	58.63	0	2	1	1	15	0
DM Bess (ENG)
2018-2018	2	3	0	111	57	37.00	215	51.62	0	2	1	0	16	0
BM Duckett (ENG)
2016-2016	4	7	0	110	56	15.71	190	57.89	0	1	1	1	13	2
Ihsanullah (AFG)
2019-2019	3	6	1	110	65*	22.00	253	43.47	0	1	1	0	13	2
TJ Murtagh (IRE)
2018-2019	3	6	2	109	54*	27.25	132	82.57	0	1	1	0	14	2
Raqibul Hasan (BAN)
2010-2011	4	8	1	107	41	15.28	316	33.86	0	1	0	1	7	0
PHT Kaushal (SL)
2014-2015	7	12	2	106	18	10.60	244	43.44	0	0	0	1	16	0
Rashid Khan (AFG)
2018-2019	4	7	0	106	51	15.14	133	79.69	0	1	1	0	11	4
Javed Ahmadi (AFG)
2018-2019	2	4	0	105	62	26.25	193	54.40	0	2	1	0	16	1
PR Stirling (IRE)
2018-2019	3	6	0	104	36	17.33	177	58.75	0	1	0	1	16	0
PM Pushpakumara (SL)
2017-2018	4	8	2	102	42*	17.00	224	45.53	0	1	0	0	15	2
KA Hope (WI)
2017-2017	5	9	0	101	43	11.22	250	40.40	0	1	0	2	14	0
Robiul Islam (BAN)
2010-2014	9	17	6	99	33	9.00	203	48.76	0	1	0	6	13	3
Umar Amin (PAK)
2010-2010	4	8	0	99	33	12.37	198	50.00	0	1	0	1	13	0
S Muthusamy (SA)
2019-2019	2	4	2	98	49*	49.00	278	35.25	0	2	0	0	10	0
V Permaul (WI)
2012-2015	6	9	1	98	23*	12.25	138	71.01	0	0	0	3	14	2
JC Archer (ENG)
2019-2019	7	12	0	97	30	8.08	195	49.74	0	1	0	0	15	1
KMA Paul (WI)
2018-2019	3	6	0	96	47	16.00	118	81.35	0	1	0	1	15	4
KJ Abbott (SA)
2013-2017	11	14	0	95	17	6.78	338	28.10	0	0	0	4	10	1
DJ Vilas (SA)
2015-2016	6	9	0	94	26	10.44	210	44.76	0	0	0	0	11	0
Mohammad Abbas (PAK)
2017-2019	17	24	11	93	29	7.15	453	20.52	0	0	0	3	11	2
Al-Amin Hossain (BAN)
2013-2019	7	11	7	90	32*	22.50	127	70.86	0	1	0	0	11	5
TL Chatara (ZIM)
2013-2018	9	16	2	90	22	6.42	185	48.64	0	0	0	5	14	1
Ariful Haque (BAN)
2018-2018	2	4	1	88	41*	29.33	159	55.34	0	2	0	0	8	2
SW Masakadza (ZIM)
2012-2014	5	9	1	88	24	11.00	240	36.66	0	0	0	3	9	0
CB Mpofu (ZIM)
2011-2017	9	16	4	88	33	7.33	149	59.06	0	1	0	6	5	5
Zulqarnain Haider (PAK)
2010-2010	1	2	0	88	88	44.00	201	43.78	0	1	1	1	15	0
SNJ O'Keefe (AUS)
2014-2017	9	13	4	86	25	9.55	433	19.86	0	0	0	2	11	0
LA Dawson (ENG)
2016-2017	3	6	2	84	66*	21.00	197	42.63	0	1	1	3	7	1
AS Joseph (WI)
2016-2019	9	15	0	84	34	5.60	218	38.53	0	1	0	5	9	3
SL Malinga (SL)
2010-2010	2	3	0	83	64	27.66	116	71.55	0	1	1	0	12	2
PP Ojha (IND)
2010-2013	22	25	15	83	18*	8.30	476	17.43	0	0	0	4	5	0
RR Sarwan (WI)
2011-2011	4	8	0	83	23	10.37	235	35.31	0	0	0	2	9	0
TS Roland-Jones (ENG)
2017-2017	4	6	2	82	25	20.50	118	69.49	0	0	0	0	10	3
SF Mire (ZIM)
2017-2017	2	4	0	78	47	19.50	135	57.77	0	1	0	1	12	1
DR Tuffey (NZ)
2010-2010	2	3	2	78	47*	78.00	141	55.31	0	2	0	1	10	1
BP Martin (NZ)
2013-2013	5	6	1	74	41	14.80	141	52.48	0	1	0	1	14	0
Anamul Haque (BAN)
2013-2014	4	8	0	73	22	9.12	220	33.18	0	0	0	1	8	0
Bilal Asif (PAK)
2018-2018	5	8	0	73	15	9.12	176	41.47	0	0	0	2	6	1
RS Bopara (ENG)
2011-2012	3	4	1	73	44*	24.33	151	48.34	0	1	0	1	7	0
JA McCollum (IRE)
2019-2019	2	4	0	73	39	18.25	176	41.47	0	1	0	0	10	0
DJ Mitchell (NZ)
2019-2019	1	1	0	73	73	73.00	159	45.91	0	1	1	0	8	1
T Panyangara (ZIM)
2013-2014	6	12	4	73	24	9.12	198	36.86	0	0	0	2	13	0
KO Meth (ZIM)
2013-2013	2	4	1	72	31*	24.00	129	55.81	0	1	0	0	7	2
DP Sibley (ENG)
2019-2019	3	5	0	71	29	14.20	247	28.74	0	0	0	0	11	0
Bilawal Bhatti (PAK)
2013-2014	2	3	1	70	32	35.00	153	45.75	0	1	0	0	9	1
Nayeem Hasan (BAN)
2018-2019	4	6	2	70	26	17.50	178	39.32	0	0	0	0	7	0
PVD Chameera (SL)
2015-2019	8	15	2	69	19	5.30	249	27.71	0	0	0	4	9	0
PL Harris (SA)
2010-2011	11	11	1	69	19	6.90	224	30.80	0	0	0	3	6	2
Mohammad Shahzad (AFG)
2018-2019	2	4	0	69	40	17.25	133	51.87	0	1	0	0	12	1
Aftab Ahmed (BAN)
2010-2010	2	4	0	68	33	17.00	153	44.44	0	1	0	0	9	0
Taskin Ahmed (BAN)
2017-2017	5	10	0	68	33	6.80	166	40.96	0	1	0	1	3	2
JT Ball (ENG)
2016-2017	4	8	0	67	31	8.37	125	53.60	0	1	0	1	8	1
Danish Kaneria (PAK)
2010-2010	5	9	1	67	16*	8.37	137	48.90	0	0	0	1	5	1
WD Parnell (SA)
2010-2017	6	4	0	67	23	16.75	180	37.22	0	0	0	0	11	0
TK Curran (ENG)
2017-2018	2	3	1	66	39	33.00	120	55.00	0	1	0	0	12	0
Mohammad Asif (PAK)
2010-2010	8	14	5	66	29	7.33	171	38.59	0	0	0	5	11	0
WER Somerville (NZ)
2018-2019	3	4	2	65	40*	32.50	279	23.29	0	1	0	0	3	0
GH Dockrell (IRE)
2019-2019	1	2	0	64	39	32.00	179	35.75	0	1	0	0	8	0
GF Linde (SA)
2019-2019	1	2	0	64	37	32.00	136	47.05	0	1	0	0	8	1
SR Thompson (IRE)
2018-2019	3	6	0	64	53	10.66	194	32.98	0	1	1	1	7	0
S Badrinath (IND)
2010-2010	2	3	0	63	56	21.00	178	35.39	0	1	1	0	8	0
VA Singh (WI)
2017-2017	3	6	0	63	32	10.50	199	31.65	0	1	0	0	4	0
CT Tremlett (ENG)
2010-2013	9	10	3	63	24*	9.00	185	34.05	0	0	0	1	7	0
P Utseya (ZIM)
2013-2013	3	6	1	62	22	12.40	171	36.25	0	0	0	1	7	0
PJ Ingram (NZ)
2010-2010	2	4	0	61	42	15.25	151	40.39	0	1	0	0	5	1
SR Harmer (SA)
2015-2015	5	6	1	58	13	11.60	174	33.33	0	0	0	0	5	0
WTS Porterfield (IRE)
2018-2019	3	6	0	58	32	9.66	227	25.55	0	1	0	1	7	0
Mohammad Shahid (BAN)
2015-2015	5	6	1	57	25	11.40	81	70.37	0	0	0	0	10	1
HE van der Dussen (SA)
2019-2019	1	2	0	57	51	28.50	101	56.43	0	1	1	0	6	0
TD Astle (NZ)
2012-2019	4	4	0	56	35	14.00	176	31.81	0	1	0	1	6	0
Mustafizur Rahman (BAN)
2015-2019	13	19	6	56	16	4.30	138	40.57	0	0	0	7	3	4
NV Ojha (IND)
2015-2015	1	2	0	56	35	28.00	117	47.86	0	1	0	0	7	0
S Sreesanth (IND)
2010-2011	11	17	6	56	24	5.09	189	29.62	0	0	0	5	8	0
HWR Cartwright (AUS)
2017-2017	2	2	0	55	37	27.50	125	44.00	0	1	0	0	7	1
PS Masvaure (ZIM)
2016-2016	2	4	0	55	42	13.75	185	29.72	0	1	0	1	8	0
DE Bollinger (AUS)
2010-2010	8	11	5	52	21	8.66	136	38.23	0	0	0	2	7	0
JW Hastings (AUS)
2012-2012	1	2	0	52	32	26.00	88	59.09	0	1	0	0	5	2
KD Karthik (IND)
2010-2018	4	7	0	52	27	7.42	125	41.60	0	0	0	3	6	0
A Nortje (SA)
2019-2019	3	6	3	52	40	17.33	194	26.80	0	1	0	0	7	0
RA Reifer (WI)
2017-2017	1	2	1	52	29	52.00	198	26.26	0	0	0	0	6	1
BV Vitori (ZIM)
2011-2013	4	7	2	52	19*	10.40	84	61.90	0	0	0	2	7	1
XJ Doherty (AUS)
2010-2013	4	7	3	51	18*	12.75	159	32.07	0	0	0	0	8	0
L Embuldeniya (SL)
2019-2019	5	7	0	51	24	7.28	140	36.42	0	0	0	2	7	0
CRD Fernando (SL)
2010-2012	7	7	4	51	39*	17.00	84	60.71	0	1	0	1	8	0
MR Gillespie (NZ)
2012-2012	2	3	0	51	27	17.00	45	113.33	0	0	0	0	7	3
Kamrul Islam Rabbi (BAN)
2016-2018	7	14	5	51	25*	5.66	281	18.14	0	0	0	5	5	2
Kuldeep Yadav (IND)
2017-2019	6	6	0	51	26	8.50	161	31.67	0	0	0	2	6	0
Nasir Jamshed (PAK)
2013-2013	2	4	0	51	46	12.75	107	47.66	0	1	0	1	8	0
Mohammad Nawaz (3) (PAK)
2016-2016	3	4	0	50	25	12.50	157	31.84	0	0	0	1	4	0
ZS Ansari (ENG)
2016-2016	3	5	0	49	32	9.80	136	36.02	0	1	0	2	5	0
CBRLS Kumara (SL)
2016-2019	19	27	13	49	10	3.50	156	31.41	0	0	0	9	8	0
AY Patel (NZ)
2018-2019	7	9	2	49	14	7.00	149	32.88	0	0	0	1	3	0
Iftikhar Ahmed (PAK)
2016-2019	3	5	0	48	27	9.60	122	39.34	0	0	0	1	4	0
Najmul Hossain Shanto (BAN)
2017-2018	2	4	0	48	18	12.00	153	31.37	0	0	0	0	6	0
EC Joyce (IRE)
2018-2018	1	2	0	47	43	23.50	102	46.07	0	1	0	0	6	0
R McLaren (SA)
2010-2014	2	3	1	47	33*	23.50	108	43.51	0	1	0	0	6	0
Mohammad Ayub (PAK)
2012-2012	1	2	0	47	25	23.50	168	27.97	0	0	0	0	4	0
GA Lamb (ZIM)
2011-2011	1	2	0	46	39	23.00	120	38.33	0	1	0	0	4	0
BJ Arnel (NZ)
2010-2012	6	12	4	45	8*	5.62	148	30.40	0	0	0	3	5	0
JP Faulkner (AUS)
2013-2013	1	2	0	45	23	22.50	43	104.65	0	0	0	0	4	1
JC Tredwell (ENG)
2010-2015	2	2	0	45	37	22.50	87	51.72	0	1	0	0	6	0
GC Wilson (IRE)
2018-2019	2	4	1	45	33*	15.00	114	39.47	0	1	0	2	7	0
GJ Hopkins (NZ)
2010-2010	3	5	1	44	14	11.00	161	27.32	0	0	0	0	5	0
Sharjeel Khan (PAK)
2017-2017	1	2	0	44	40	22.00	45	97.77	0	1	0	0	7	1
JM Bird (AUS)
2012-2017	9	9	6	43	19*	14.33	141	30.49	0	0	0	1	3	1
WB Rankin (ENG/IRE)
2014-2019	3	6	1	43	17	8.60	99	43.43	0	0	0	1	6	0
J Cameron-Dow (IRE)
2019-2019	1	2	1	41	32*	41.00	70	58.57	0	1	0	0	5	0
Yasir Hameed (PAK)
2010-2010	2	4	0	41	36	10.25	74	55.40	0	1	0	1	6	1
CS Martin (NZ)
2010-2013	18	27	12	40	7	2.66	172	23.25	0	0	0	9	3	0
SP Narine (WI)
2012-2013	6	7	2	40	22*	8.00	92	43.47	0	0	0	1	4	1
D Pretorius (SA)
2019-2019	1	2	0	40	33	20.00	52	76.92	0	1	0	0	5	1
MS Sinclair (NZ)
2010-2010	1	2	0	40	29	20.00	135	29.62	0	0	0	0	5	0
TA Copeland (AUS)
2011-2011	3	4	1	39	23*	13.00	77	50.64	0	0	0	0	7	0
Shaheen Shah Afridi (PAK)
2018-2019	7	11	2	39	14	4.33	82	47.56	0	0	0	3	5	1
J Botha (SA)
2010-2010	3	4	1	38	12	12.66	101	37.62	0	0	0	0	5	0
Elias Sunny (BAN)
2011-2013	4	6	1	38	20*	7.60	143	26.57	0	0	0	2	4	1
J Nyumbu (ZIM)
2014-2016	3	6	1	38	14	7.60	129	29.45	0	0	0	0	2	2
RW Price (ZIM)
2011-2013	4	8	1	37	12*	5.28	88	42.04	0	0	0	2	6	1
Usman Salahuddin (PAK)
2018-2018	1	2	0	37	33	18.50	120	30.83	0	1	0	0	2	0
VR Aaron (IND)
2011-2015	9	14	5	35	9	3.88	110	31.81	0	0	0	1	4	0
Amir Hamza (AFG)
2019-2019	1	2	0	35	34	17.50	96	36.45	0	1	0	0	5	0
MA Vermeulen (ZIM)
2014-2014	1	2	0	35	21	17.50	104	33.65	0	0	0	0	3	0
Faisal Iqbal (PAK)
2010-2010	1	2	0	34	27	17.00	95	35.78	0	0	0	0	4	0
Mohammad Talha (PAK)
2014-2014	3	5	1	34	19	8.50	72	47.22	0	0	0	1	4	2
Mohammad Nabi (AFG)
2018-2019	3	6	0	33	24	5.50	68	48.52	0	0	0	3	4	1
MS Panesar (ENG)
2012-2013	11	17	6	33	13	3.00	114	28.94	0	0	0	6	3	0
Shahid Afridi (PAK)
2010-2010	1	2	0	33	31	16.50	19	173.68	0	1	0	0	4	2
NT Broom (NZ)
2017-2017	2	3	0	32	20	10.66	72	44.44	0	0	0	1	5	0
Yamin Ahmadzai (AFG)
2018-2019	4	7	0	31	18	4.42	83	37.34	0	0	0	2	3	2
MDUS Jayasundera (SL)
2015-2015	2	4	0	30	26	7.50	77	38.96	0	0	0	1	2	0
Mohammad Sami (PAK)
2010-2012	3	5	1	29	13	7.25	87	33.33	0	0	0	0	3	0
MD Shanaka (SL)
2016-2017	3	6	1	29	17	5.80	60	48.33	0	0	0	2	2	2
Mohammad Irfan (PAK)
2013-2013	4	7	2	28	14	5.60	87	32.18	0	0	0	2	4	0
RJ Nicol (NZ)
2012-2012	2	4	0	28	19	7.00	105	26.66	0	0	0	0	2	0
RK Kleinveldt (SA)
2012-2013	4	5	2	27	17*	9.00	61	44.26	0	0	0	2	1	2
NJ Maddinson (AUS)
2016-2016	3	4	0	27	22	6.75	78	34.61	0	0	0	1	3	0
D Olivier (SA)
2017-2019	10	12	5	26	10*	3.71	93	27.95	0	0	0	3	4	0
AJ Redmond (NZ)
2013-2013	1	2	0	26	20	13.00	48	54.16	0	0	0	0	4	0
GC Viljoen (SA)
2016-2016	1	2	1	26	20*	26.00	31	83.87	0	0	0	0	4	0
AJ McKay (NZ)
2010-2010	1	2	1	25	20*	25.00	55	45.45	0	0	0	0	3	0
Mohammad Salman (PAK)
2011-2011	2	4	0	25	13	6.25	57	43.85	0	0	0	1	1	1
RP Singh (IND)
2011-2011	1	2	0	25	25	12.50	26	96.15	0	0	0	1	5	0
Abu Jayed (BAN)
2018-2019	7	14	6	24	7*	3.00	90	26.66	0	0	0	4	2	0
SH Lewis (WI)
2018-2018	2	4	0	24	20	6.00	66	36.36	0	0	0	2	3	0
F Mutizwa (ZIM)
2012-2012	1	2	0	24	18	12.00	61	39.34	0	0	0	0	3	0
Sunzamul Islam (BAN)
2018-2018	1	1	0	24	24	24.00	56	42.85	0	0	0	0	1	0
Qais Ahmad (AFG)
2019-2019	1	2	0	23	14	11.50	41	56.09	0	0	0	0	3	0
ML Udawatte (SL)
2018-2018	2	4	0	23	19	5.75	72	31.94	0	0	0	2	2	0
C Karunaratne (SL)
2019-2019	1	2	0	22	22	11.00	43	51.16	0	0	0	1	4	0
CKB Kulasekara (SL)
2011-2011	1	2	0	22	15	11.00	50	44.00	0	0	0	0	2	0
CAK Rajitha (SL)
2018-2019	7	9	2	22	12	3.14	151	14.56	0	0	0	2	0	0
Ehsan Adil (PAK)
2013-2015	3	4	0	21	12	5.25	41	51.21	0	0	0	2	3	0
WP Masakadza (ZIM)
2018-2018	1	2	0	21	17	10.50	88	23.86	0	0	0	0	1	0
RRS Cornwall (WI)
2019-2019	2	3	0	20	14	6.66	42	47.61	0	0	0	0	3	0
T Maruma (ZIM)
2013-2013	1	2	0	20	10	10.00	65	30.76	0	0	0	0	2	0
T Shamsi (SA)
2016-2018	2	4	3	20	18*	20.00	48	41.66	0	0	0	0	2	0
AL Phehlukwayo (SA)
2017-2018	4	4	2	19	9	9.50	39	48.71	0	0	0	1	3	0
OP Stone (ENG)
2019-2019	1	2	0	19	19	9.50	29	65.51	0	0	0	1	4	0
LL Tsotsobe (SA)
2010-2011	5	5	2	19	8*	6.33	53	35.84	0	0	0	2	2	0
JJ Bumrah (IND)
2018-2019	12	17	8	18	6	2.00	121	14.87	0	0	0	5	1	0
AR McBrine (IRE)
2019-2019	2	4	0	18	11	4.50	77	23.37	0	0	0	1	3	0
MF Maharoof (SL)
2011-2011	2	3	0	18	16	6.00	59	30.50	0	0	0	1	1	0
Mujeeb Ur Rahman (AFG)
2018-2018	1	2	0	18	15	9.00	17	105.88	0	0	0	0	2	1
NJ O'Brien (IRE)
2018-2018	1	2	0	18	18	9.00	55	32.72	0	0	0	1	2	0
Nasir Jamal (AFG)
2019-2019	1	2	0	17	15	8.50	50	34.00	0	0	0	0	1	0
N Ncube (ZIM)
2011-2011	1	2	0	17	14	8.50	23	73.91	0	0	0	0	0	1
DM Richards (WI)
2010-2010	1	2	0	17	17	8.50	23	73.91	0	0	0	1	4	0
RP Burl (ZIM)
2017-2017	1	2	0	16	16	8.00	39	41.02	0	0	0	1	3	0
MVT Fernando (SL)
2016-2019	7	11	6	16	6*	3.20	120	13.33	0	0	0	5	0	0
Imran Khan (PAK)
2014-2019	10	10	3	16	6	2.28	50	32.00	0	0	0	5	3	0
Muhammad Musa (PAK)
2019-2019	1	2	2	16	12*	-	17	94.11	0	0	0	0	3	0
TM Dowlin (WI)
2010-2010	2	3	0	15	10	5.00	47	31.91	0	0	0	0	1	0
C Munro (NZ)
2013-2013	1	2	0	15	15	7.50	26	57.69	0	0	0	1	3	0
L Ngidi (SA)
2018-2019	5	9	4	15	5	3.00	41	36.58	0	0	0	2	3	0
RJ Sidebottom (ENG)
2010-2010	1	2	0	15	15	7.50	23	65.21	0	0	0	1	2	0
Sohrawordi Shuvo (BAN)
2011-2011	1	2	0	15	15	7.50	40	37.50	0	0	0	1	1	0
TE Kane (IRE)
2018-2018	1	2	0	14	14	7.00	98	14.28	0	0	0	1	1	0
PWA Mulder (SA)
2019-2019	1	2	0	14	9	7.00	17	82.35	0	0	0	0	3	0
CT Mumba (ZIM)
2016-2016	2	4	1	14	10*	4.66	88	15.90	0	0	0	0	1	0
B Muzarabani (ZIM)
2017-2017	1	2	1	14	10	14.00	14	100.00	0	0	0	0	2	1
Subashis Roy (BAN)
2017-2017	4	6	5	14	12*	14.00	60	23.33	0	0	0	1	3	0
Ziaur Rahman (BAN)
2013-2013	1	2	0	14	14	7.00	40	35.00	0	0	0	1	2	0
Jubair Hossain (BAN)
2014-2015	6	5	2	13	7*	4.33	88	14.77	0	0	0	1	1	0
NT Pascal (WI)
2010-2010	2	2	0	12	10	6.00	27	44.44	0	0	0	0	2	0
Wafadar Momand (AFG)
2018-2019	2	3	1	12	6*	6.00	33	36.36	0	0	0	1	2	0
MR Adair (IRE)
2019-2019	1	2	0	11	8	5.50	24	45.83	0	0	0	0	0	1
BJ Bess (WI)
2010-2010	1	2	1	11	11*	11.00	12	91.66	0	0	0	1	1	1
SS Cottrell (WI)
2013-2014	2	4	0	11	5	2.75	24	45.83	0	0	0	1	1	0
H Klaasen (SA)
2019-2019	1	2	0	11	6	5.50	34	32.35	0	0	0	0	1	0
R Vinay Kumar (IND)
2012-2012	1	2	0	11	6	5.50	24	45.83	0	0	0	0	2	0
JM Mennie (AUS)
2016-2016	1	2	0	10	10	5.00	24	41.66	0	0	0	1	2	0
Pankaj Singh (IND)
2014-2014	2	4	1	10	9	3.33	20	50.00	0	0	0	2	2	0
TS Chisoro (ZIM)
2017-2017	1	1	0	9	9	9.00	15	60.00	0	0	0	0	1	0
M de Lange (SA)
2011-2012	2	2	0	9	9	4.50	19	47.36	0	0	0	1	2	0
B Mavuta (ZIM)
2018-2018	2	4	0	9	6	2.25	31	29.03	0	0	0	2	0	1
RJ Quiney (AUS)
2012-2012	2	3	0	9	9	3.00	22	40.90	0	0	0	2	1	0
N M'shangwe (ZIM)
2014-2014	2	4	0	8	8	2.00	18	44.44	0	0	0	3	2	0
Naseem Shah (PAK)
2019-2019	3	3	2	8	7	8.00	15	53.33	0	0	0	0	1	0
Nazmul Hossain (BAN)
2011-2011	1	2	1	8	8*	8.00	12	66.66	0	0	0	1	0	1
KV Sharma (IND)
2014-2014	1	2	1	8	4*	8.00	28	28.57	0	0	0	0	0	0
Ikram Alikhil (AFG)
2019-2019	1	1	0	7	7	7.00	40	17.50	0	0	0	0	0	0
MA Beer (AUS)
2011-2012	2	3	1	6	2*	3.00	28	21.42	0	0	0	0	0	0
MS Crane (ENG)
2018-2018	1	2	0	6	4	3.00	11	54.54	0	0	0	0	0	0
Enamul Haque jnr (BAN)
2013-2013	1	2	1	6	6*	6.00	14	42.85	0	0	0	1	1	0
PLS Gamage (SL)
2017-2018	5	8	4	6	3	1.50	99	6.06	0	0	0	1	0	0
JM Holland (AUS)
2016-2018	4	7	5	6	3	3.00	46	13.04	0	0	0	0	0	0
TK Musakanda (ZIM)
2017-2017	1	2	0	6	6	3.00	21	28.57	0	0	0	1	1	0
GJ Batty (ENG)
2016-2016	2	4	1	5	3	1.66	47	10.63	0	0	0	1	0	0
SG Borthwick (ENG)
2014-2014	1	2	0	5	4	2.50	19	26.31	0	0	0	0	1	0
JN Hamilton (WI)
2019-2019	1	2	0	5	5	2.50	61	8.19	0	0	0	1	0	0
TP Kamungozi (ZIM)
2014-2014	1	2	0	5	5	2.50	10	50.00	0	0	0	1	0	0
M Muralidaran (SL)
2010-2010	1	1	1	5	5*	-	10	50.00	0	0	0	0	0	0
S Prasanna (SL)
2011-2011	1	1	0	5	5	5.00	12	41.66	0	0	0	0	0	0
SMSM Senanayake (SL)
2013-2014	1	1	0	5	5	5.00	15	33.33	0	0	0	0	1	0
A Shahzad (ENG)
2010-2010	1	1	0	5	5	5.00	12	41.66	0	0	0	0	1	0
HK Bennett (NZ)
2010-2010	1	1	0	4	4	4.00	30	13.33	0	0	0	0	0	0
Ebadot Hossain (BAN)
2019-2019	4	8	2	4	2	0.66	26	15.38	0	0	0	3	0	0
CJ Ferguson (AUS)
2016-2016	1	2	0	4	3	2.00	23	17.39	0	0	0	0	0	0
Mir Hamza (PAK)
2018-2018	1	2	2	4	4*	-	22	18.18	0	0	0	0	0	0
Nazmul Islam (BAN)
2018-2018	1	2	0	4	4	2.00	16	25.00	0	0	0	1	1	0
G Onions (ENG)
2010-2012	2	2	2	4	4*	-	20	20.00	0	0	0	0	1	0
MM Patel (IND)
2011-2011	1	1	1	4	4*	-	5	80.00	0	0	0	0	1	0
Sajedul Islam (BAN)
2013-2013	1	2	0	4	4	2.00	28	14.28	0	0	0	1	0	0
Khaled Ahmed (BAN)
2018-2019	2	2	1	4	4*	4.00	19	21.05	0	0	0	1	1	0
SN Thakur (IND)
2018-2018	1	1	1	4	4*	-	12	33.33	0	0	0	0	0	0
T Thushara (SL)
2010-2010	1	1	1	4	4*	-	4	100.00	0	0	0	0	1	0
PR George (AUS)
2010-2010	1	2	0	2	2	1.00	11	18.18	0	0	0	1	0	0
AD Russell (WI)
2010-2010	1	1	0	2	2	2.00	9	22.22	0	0	0	0	0	0
JD Unadkat (IND)
2010-2010	1	2	1	2	1*	2.00	15	13.33	0	0	0	0	0	0
Aizaz Cheema (PAK)
2011-2012	7	5	5	1	1*	-	23	4.34	0	0	0	0	0	0
PP Chawla (IND)
2012-2012	1	1	0	1	1	1.00	2	50.00	0	0	0	0	0	0
MT Chinouya (ZIM)
2016-2016	2	4	2	1	1	0.50	34	2.94	0	0	0	1	0	0
Z Crawley (ENG)
2019-2019	1	1	0	1	1	1.00	6	16.66	0	0	0	0	0	0
LH Ferguson (NZ)
2019-2019	1	2	2	1	1*	-	9	11.11	0	0	0	0	0	0
SC Kerrigan (ENG)
2013-2013	1	1	1	1	1*	-	12	8.33	0	0	0	0	0	0
S Nadeem (IND)
2019-2019	1	1	1	1	1*	-	5	20.00	0	0	0	0	0	0
SW Poynter (IRE)
2019-2019	1	2	0	1	1	0.50	11	9.09	0	0	0	1	0	0
JA Richardson (AUS)
2019-2019	2	1	0	1	1	1.00	7	14.28	0	0	0	0	0	0
Waqar Salamkheil (AFG)
2019-2019	1	1	1	1	1*	-	4	25.00	0	0	0	0	0	0
F de Wet (SA)
2010-2010	1	1	0	0	0	0.00	4	0.00	0	0	0	1	0	0
KK Peters (WI)
2014-2014	1	1	0	0	0	0.00	3	0.00	0	0	0	1	0	0
CJ Sayers (AUS)
2018-2018	1	2	0	0	0	0.00	5	0.00	0	0	0	2	0	0
Zahir Khan (AFG)
2019-2019	2	4	3	0	0*	0.00	14	0.00	0	0	0	1	0	0
Usman Shinwari (PAK)
2019-2019	1	0	0	0	-	-	0	-	0	0	0	0	0	0

# ============ BOWLING ============
JM Anderson (ENG)
2010-2019	106	200	23568	3928.0	6	1057	10448	429	7/42	11/71	24.35	2.65	54.93	69	19	20	3
SCJ Broad (ENG)
2010-2019	111	207	22850	3808.2	6	911	11146	403	8/15	11/121	27.65	2.92	56.69	64	20	14	2
NM Lyon (AUS)
2011-2019	95	182	24283	4047.1	6	754	12202	380	8/50	13/154	32.11	3.01	63.90	65	16	16	2
HMRKB Herath (SL)
2010-2018	72	133	20880	3480.0	6	659	9589	363	9/127	14/184	26.41	2.75	57.52	67	15	30	9
R Ashwin (IND)
2011-2019	70	131	19412	3235.2	6	671	9183	362	7/59	13/140	25.36	2.83	53.62	65	17	27	7
DW Steyn (SA)
2010-2019	59	108	11728	1954.4	6	454	5954	267	7/51	11/60	22.29	3.04	43.92	51	16	15	2
TA Boult (NZ)
2011-2019	65	123	14448	2408.0	6	545	7171	256	6/30	10/80	28.01	2.97	56.43	43	13	8	1
TG Southee (NZ)
2010-2019	65	122	14787	2464.3	6	561	7352	255	7/64	10/108	28.83	2.98	57.98	44	14	8	1
M Morkel (SA)
2010-2018	67	125	12977	2162.5	6	531	6446	248	6/23	9/110	25.99	2.98	52.32	45	14	7	0
MA Starc (AUS)
2011-2019	56	107	11573	1928.5	6	382	6501	240	6/50	11/94	27.08	3.37	48.22	41	12	13	2
I Sharma (IND)
2010-2019	77	141	14578	2429.4	6	492	7685	238	7/74	10/108	32.28	3.16	61.25	37	8	9	1
VD Philander (SA)
2011-2019	61	114	10986	1831.0	6	489	4838	220	6/21	10/102	21.99	2.64	49.93	37	8	13	2
RA Jadeja (IND)
2012-2019	48	92	12822	2137.0	6	542	5200	211	7/48	10/154	24.64	2.43	60.76	39	8	9	1
Yasir Shah (PAK)
2014-2019	38	71	11975	1995.5	6	310	6361	209	8/41	14/184	30.43	3.18	57.29	40	11	16	3
N Wagner (NZ)
2012-2019	46	86	10382	1730.2	6	361	5330	201	7/39	9/73	26.51	3.08	51.65	38	9	9	0
JR Hazlewood (AUS)
2014-2019	51	95	11019	1836.3	6	466	5109	195	6/67	9/115	26.20	2.78	56.50	33	7	7	0
GP Swann (ENG)
2010-2013	46	84	11638	1939.4	6	366	5818	193	6/65	10/132	30.14	2.99	60.30	32	10	13	3
K Rabada (SA)
2015-2019	41	75	7604	1267.2	6	258	4289	190	7/112	13/144	22.57	3.38	40.02	39	9	9	4
MM Ali (ENG)
2014-2019	60	105	10972	1828.4	6	265	6624	181	6/53	10/112	36.59	3.62	60.61	29	11	5	1
MG Johnson (AUS)
2010-2015	43	82	8814	1469.0	6	293	5048	176	7/40	12/127	28.68	3.43	50.07	31	8	8	2
Mohammed Shami (IND)
2013-2019	47	91	8602	1433.4	6	265	4742	175	6/56	9/118	27.09	3.30	49.15	27	8	5	0
KAJ Roach (WI)
2010-2019	51	91	8936	1489.2	6	331	4652	173	5/8	10/146	26.89	3.12	51.65	30	12	8	1
PM Siddle (AUS)
2010-2019	52	98	10512	1752.0	6	472	5038	167	6/54	9/104	30.16	2.87	62.94	27	6	6	0
Shakib Al Hasan (BAN)
2010-2019	42	74	10029	1671.3	6	283	5180	162	6/33	10/124	31.97	3.09	61.90	27	7	13	2
Saeed Ajmal (PAK)
2010-2014	30	57	9968	1661.2	6	343	4242	160	7/55	11/111	26.51	2.55	62.30	30	8	10	4
MDK Perera (SL)
2014-2019	41	74	10246	1707.4	6	230	5512	156	6/32	10/78	35.33	3.22	65.67	29	7	8	2
UT Yadav (IND)
2011-2019	45	88	7191	1198.3	6	200	4297	142	6/88	10/133	30.26	3.58	50.64	22	5	3	1
RAS Lakmal (SL)
2010-2019	59	104	10577	1762.5	6	339	5500	141	5/54	7/119	39.00	3.11	75.01	25	5	3	0
PJ Cummins (AUS)
2011-2019	29	55	6563	1093.5	6	258	3048	139	6/23	10/62	21.92	2.78	47.21	29	9	5	1
BA Stokes (ENG)
2013-2019	60	100	8265	1377.3	6	248	4606	139	6/22	8/161	33.13	3.34	59.46	18	5	4	0
ST Gabriel (WI)
2012-2019	45	78	7234	1205.4	6	216	4075	133	8/62	13/121	30.63	3.37	54.39	17	4	5	1
ST Finn (ENG)
2010-2016	36	66	6412	1068.4	6	190	3800	125	6/79	9/187	30.40	3.55	51.29	21	6	5	0
D Bishoo (WI)
2011-2018	36	59	8067	1344.3	6	174	4350	117	8/49	10/174	37.17	3.23	68.94	21	8	4	1
RJ Harris (AUS)
2010-2015	27	52	5736	956.0	6	258	2658	113	7/117	9/106	23.52	2.78	50.76	20	4	5	0
JO Holder (WI)
2014-2019	40	69	6541	1090.1	6	294	2796	106	6/59	11/103	26.37	2.56	61.70	16	3	6	1
Taijul Islam (BAN)
2014-2019	27	47	6490	1081.4	6	159	3475	106	8/39	11/170	32.78	3.21	61.22	18	4	7	1
PP Ojha (IND)
2010-2013	22	44	7122	1187.0	6	277	3162	104	6/47	10/89	30.40	2.66	68.48	18	5	7	1
KA Maharaj (SA)
2016-2019	28	52	5910	985.0	6	174	3243	102	9/129	12/283	31.79	3.29	57.94	19	4	5	1
Mohammad Amir (PAK)
2010-2019	29	53	6263	1043.5	6	243	2880	101	6/44	7/64	28.51	2.75	62.00	16	6	3	0
CR Woakes (ENG)
2013-2019	32	60	5528	921.2	6	201	2849	92	6/17	11/102	30.96	3.09	60.08	17	2	3	1
Z Khan (IND)
2010-2014	24	41	5199	866.3	6	166	2775	91	7/87	10/149	30.49	3.20	57.13	17	4	3	1
Mehidy Hasan Miraz (BAN)
2016-2019	22	37	5306	884.2	6	107	2981	90	7/58	12/117	33.12	3.37	58.95	15	1	7	2
Abdur Rehman (PAK)
2010-2014	20	39	6142	1023.4	6	235	2558	88	6/25	8/92	29.06	2.49	69.79	16	6	2	0
Wahab Riaz (PAK)
2010-2018	27	49	5018	836.2	6	118	2864	83	5/63	7/134	34.50	3.42	60.45	15	3	2	0
JL Pattinson (AUS)
2011-2019	20	36	3831	638.3	6	136	2067	81	5/27	8/105	25.51	3.23	47.29	13	4	4	0
Harbhajan Singh (IND)
2010-2015	23	43	6159	1026.3	6	169	2964	74	7/120	8/123	40.05	2.88	83.22	10	4	2	0
DAJ Bracewell (NZ)
2011-2016	27	49	4984	830.4	6	147	2796	72	6/40	9/60	38.83	3.36	69.22	10	0	2	0
Mohammad Abbas (PAK)
2017-2019	17	31	3606	601.0	6	173	1505	72	5/33	10/95	20.90	2.50	50.08	12	6	4	1
Umar Gul (PAK)
2010-2013	23	45	4523	753.5	6	123	2493	72	4/61	8/148	34.62	3.30	62.81	13	6	0	0
Junaid Khan (PAK)
2011-2015	22	41	4605	767.3	6	157	2253	71	5/38	8/151	31.73	2.93	64.85	11	1	5	0
N Pradeep (SL)
2011-2017	28	53	5077	846.1	6	130	3003	70	6/132	7/180	42.90	3.54	72.52	12	6	1	0
S Shillingford (WI)
2010-2014	16	27	4694	782.2	6	122	2419	70	6/49	10/93	34.55	3.09	67.05	14	3	6	2
TT Bresnan (ENG)
2010-2013	21	38	4488	748.0	6	178	2260	69	5/48	8/141	32.75	3.02	65.04	10	4	1	0
BW Hilfenhaus (AUS)
2010-2012	18	33	4105	684.1	6	183	1782	65	5/75	8/97	27.41	2.60	63.15	11	4	2	0
B Kumar (IND)
2013-2018	21	37	3348	558.0	6	141	1644	63	6/82	8/96	26.09	2.94	53.14	12	3	4	0
JJ Bumrah (IND)
2018-2019	12	24	2711	451.5	6	110	1193	62	6/27	9/86	19.24	2.64	43.72	13	0	5	0
KTGD Prasad (SL)
2010-2015	21	36	3593	598.5	6	89	2131	62	5/50	8/169	34.37	3.55	57.95	11	5	1	0
CBRLS Kumara (SL)
2016-2019	19	32	3425	570.5	6	70	2239	60	6/122	7/135	37.31	3.92	57.08	10	6	1	0
AU Rashid (ENG)
2015-2019	19	34	3816	636.0	6	50	2390	60	5/49	7/178	39.83	3.75	63.60	10	5	2	0
RL Chase (WI)
2016-2019	32	46	4358	726.2	6	81	2500	59	8/60	8/60	42.37	3.44	73.86	9	4	2	0
Rahat Ali (PAK)
2013-2018	21	39	4227	704.3	6	127	2264	58	6/127	7/100	39.03	3.21	72.87	8	3	2	0
RMS Eranga (SL)
2011-2016	19	35	3891	648.3	6	125	2138	57	4/49	6/226	37.50	3.29	68.26	10	4	0	0
Imran Tahir (SA)
2011-2015	20	37	3925	654.1	6	86	2294	57	5/32	8/130	40.24	3.50	68.85	9	1	2	0
CS Martin (NZ)
2010-2013	18	32	3551	591.5	6	113	1961	57	6/26	8/31	34.40	3.31	62.29	10	2	2	0
DJG Sammy (WI)
2010-2013	30	50	4753	792.1	6	172	2258	57	5/29	7/45	39.61	2.85	83.38	4	1	1	0
A Mishra (IND)
2010-2016	16	29	3525	587.3	6	80	1919	55	4/43	7/72	34.89	3.26	64.09	9	2	0	0
Zulfiqar Babar (PAK)
2013-2016	15	28	4478	746.2	6	143	2129	54	5/74	8/233	39.42	2.85	82.92	8	2	2	0
SJ Benn (WI)
2010-2015	14	23	4125	687.3	6	139	1816	52	6/81	8/194	34.92	2.64	79.32	8	0	5	0
SR Watson (AUS)
2010-2015	44	70	3991	665.1	6	194	1738	52	6/33	6/51	33.42	2.61	76.75	4	0	3	0
MD Craig (NZ)
2014-2016	15	29	3669	611.3	6	100	2326	50	7/94	10/203	46.52	3.80	73.38	9	3	1	1
Mohammad Hafeez (PAK)
2010-2018	44	63	3317	552.5	6	95	1489	49	4/16	4/48	30.38	2.69	67.69	5	2	0	0
DL Vettori (NZ)
2010-2014	16	28	4777	796.1	6	193	1921	49	5/70	8/141	39.20	2.41	97.48	8	3	2	0
D Olivier (SA)
2017-2019	10	20	1440	240.0	6	43	924	48	6/37	11/96	19.25	3.85	30.00	9	1	3	1
JE Taylor (WI)
2014-2016	17	29	2822	470.2	6	108	1557	48	6/47	6/69	32.43	3.31	58.79	7	1	1	0
KM Jarvis (ZIM)
2011-2018	12	21	2289	381.3	6	67	1270	46	5/54	7/98	27.60	3.32	49.76	7	2	3	0
R Rampaul (WI)
2010-2012	15	28	2978	496.2	6	97	1415	45	4/48	7/75	31.44	2.85	66.17	9	1	0	0
UWMBCA Welegedara (SL)
2010-2014	17	29	3073	512.1	6	100	1800	45	5/52	6/106	40.00	3.51	68.28	7	1	2	0
AG Cremer (ZIM)
2012-2017	13	20	3344	557.2	6	55	2009	44	5/125	9/275	45.65	3.60	76.00	8	6	1	0
FH Edwards (WI)
2011-2012	12	23	2343	390.3	6	42	1438	43	6/90	8/132	33.44	3.68	54.48	6	1	4	0
S Randiv (SL)
2010-2012	12	21	3146	524.2	6	70	1613	43	5/82	9/162	37.51	3.07	73.16	7	3	1	0
C de Grandhomme (NZ)
2016-2019	21	39	3215	535.5	6	123	1292	42	6/41	7/64	30.76	2.41	76.54	3	1	1	0
MR Marsh (AUS)
2014-2019	32	54	2853	475.3	6	83	1623	42	5/46	7/86	38.64	3.41	67.92	5	1	1	0
MS Panesar (ENG)
2012-2013	11	20	3433	572.1	6	160	1466	41	6/62	11/210	35.75	2.56	83.73	5	1	4	1
IS Sodhi (NZ)
2013-2018	17	31	3186	531.0	6	73	1992	41	4/60	7/79	48.58	3.75	77.70	5	2	0	0
CT Tremlett (ENG)
2010-2013	9	17	2043	340.3	6	78	1045	40	6/48	8/150	26.12	3.06	51.07	8	2	2	0
KJ Abbott (SA)
2013-2017	11	21	2081	346.5	6	95	886	39	7/29	9/68	22.71	2.55	53.35	7	0	3	0
MJ Santner (NZ)
2015-2019	22	36	3746	624.2	6	128	1744	39	3/53	5/173	44.71	2.79	96.05	3	0	0	0
Sohag Gazi (BAN)
2012-2014	10	18	3151	525.1	6	66	1599	38	6/74	9/219	42.07	3.04	82.92	7	1	2	0
PADLR Sandakan (SL)
2016-2018	11	20	2063	343.5	6	37	1276	37	5/95	7/107	34.48	3.71	55.75	6	3	2	0
JP Duminy (SA)
2010-2017	38	49	2283	380.3	6	40	1363	36	4/47	4/51	37.86	3.58	63.41	4	2	0	0
MA Wood (ENG)
2015-2019	13	25	2408	401.2	6	95	1345	36	5/41	6/93	37.36	3.35	66.88	5	0	1	0
SNJ O'Keefe (AUS)
2014-2017	9	16	2228	371.2	6	68	1029	35	6/35	12/70	29.40	2.77	63.65	5	0	2	1
JM Bird (AUS)
2012-2017	9	17	1934	322.2	6	80	1042	34	5/59	7/117	30.64	3.23	56.88	6	1	1	0
JH Kallis (SA)
2010-2013	33	51	3090	515.0	6	122	1466	34	3/35	4/105	43.11	2.84	90.88	2	0	0	0
MJ Leach (ENG)
2018-2019	10	17	2072	345.2	6	61	987	34	5/83	8/153	29.02	2.85	60.94	6	2	1	0
MN Samuels (WI)
2011-2016	42	39	2796	466.0	6	43	1556	34	4/13	6/50	45.76	3.33	82.23	4	1	0	0
A Dananjaya (SL)
2018-2019	6	12	1385	230.5	6	33	819	33	6/115	8/44	24.81	3.54	41.96	5	0	4	0
Mohammad Asif (PAK)
2010-2010	8	15	1819	303.1	6	68	903	33	6/41	8/94	27.36	2.97	55.12	6	0	2	0
SM Curran (ENG)
2018-2019	14	24	1744	290.4	6	55	956	32	4/58	5/92	29.87	3.28	54.50	5	2	0	0
JS Patel (NZ)
2010-2017	15	26	3277	546.1	6	103	1789	32	4/100	4/100	55.90	3.27	102.40	4	1	0	0
Hasan Ali (PAK)
2017-2019	9	17	1737	289.3	6	72	896	31	5/45	7/83	28.90	3.09	56.03	4	1	1	0
Mahmudullah (BAN)
2010-2019	46	60	3011	501.5	6	47	1752	31	3/70	3/104	56.51	3.49	97.12	1	0	0	0
JC Archer (ENG)
2019-2019	7	13	1644	274.0	6	63	822	30	6/45	8/85	27.40	3.00	54.80	5	0	3	0
DE Bollinger (AUS)
2010-2010	8	15	1427	237.5	6	46	815	30	5/28	7/108	27.16	3.42	47.56	5	1	1	0
Rubel Hossain (BAN)
2010-2018	24	39	3828	638.0	6	67	2469	30	5/166	5/210	82.30	3.86	127.60	2	0	1	0
TL Best (WI)
2012-2013	11	18	1529	254.5	6	32	928	29	6/40	6/71	32.00	3.64	52.72	4	1	2	0
Imran Khan (PAK)
2014-2019	10	18	1636	272.4	6	50	917	29	5/58	6/128	31.62	3.36	56.41	4	0	1	0
S Sreesanth (IND)
2010-2011	11	19	2174	362.2	6	37	1458	29	5/114	5/193	50.27	4.02	74.96	5	0	1	0
KS Williamson (NZ)
2010-2019	78	63	2103	350.3	6	47	1178	29	4/44	4/44	40.62	3.36	72.51	3	1	0	0
MJ Henry (NZ)
2015-2019	11	21	2497	416.1	6	74	1357	28	4/93	6/105	48.46	3.26	89.17	5	2	0	0
AD Mathews (SL)
2010-2019	77	71	3342	557.0	6	144	1443	28	4/44	4/60	51.53	2.59	119.35	2	1	0	0
Mustafizur Rahman (BAN)
2015-2019	13	21	1845	307.3	6	63	985	28	4/37	5/66	35.17	3.20	65.89	4	2	0	0
ML Cummins (WI)
2016-2019	14	23	1976	329.2	6	60	1084	27	6/48	9/102	40.14	3.29	73.18	5	0	1	0
P Kumar (IND)
2011-2011	6	11	1611	268.3	6	68	697	27	5/106	7/169	25.81	2.59	59.66	5	1	1	0
Sohail Khan (PAK)
2011-2016	8	15	1666	277.4	6	53	961	27	5/68	7/207	35.59	3.46	61.70	5	1	2	0
TM Dilshan (SL)
2010-2013	27	39	2459	409.5	6	52	1240	26	3/56	3/8	47.69	3.02	94.57	2	0	0	0
BAW Mendis (SL)
2010-2014	9	14	2144	357.2	6	49	1136	26	6/99	6/160	43.69	3.17	82.46	3	1	2	0
DL Piedt (SA)
2014-2019	9	15	1824	304.0	6	46	1175	26	5/153	8/152	45.19	3.86	70.15	5	3	1	0
AS Joseph (WI)
2016-2019	9	17	1525	254.1	6	60	821	25	3/53	4/50	32.84	3.23	61.00	3	0	0	0
PHT Kaushal (SL)
2014-2015	7	14	1658	276.2	6	22	1105	25	5/42	8/181	44.20	3.99	66.32	5	1	2	0
Robiul Islam (BAN)
2010-2014	9	17	1860	310.0	6	55	992	25	6/71	9/155	39.68	3.20	74.40	3	0	2	0
Shaheen Shah Afridi (PAK)
2018-2019	7	10	1380	230.0	6	43	747	25	5/77	6/128	29.88	3.24	55.20	4	2	1	0
PVD Chameera (SL)
2015-2019	8	14	1391	231.5	6	19	984	24	5/47	9/115	41.00	4.24	57.95	4	1	1	0
TL Chatara (ZIM)
2013-2018	9	16	1695	282.3	6	88	663	24	5/61	6/106	27.62	2.34	70.62	3	0	1	0
PL Harris (SA)
2010-2011	11	20	3123	520.3	6	140	1266	24	3/76	5/126	52.75	2.43	130.12	3	0	0	0
Kuldeep Yadav (IND)
2017-2019	6	10	989	164.5	6	22	579	24	5/57	6/119	24.12	3.51	41.20	5	2	2	0
RJ Peterson (SA)
2012-2014	9	16	1556	259.2	6	44	919	24	4/74	6/171	38.29	3.54	64.83	4	1	0	0
CAK Rajitha (SL)
2018-2019	7	12	1144	190.4	6	29	685	24	3/20	6/88	28.54	3.59	47.66	5	0	0	0
JE Root (ENG)
2012-2019	89	78	2310	385.0	6	73	1238	24	2/9	2/9	51.58	3.21	96.25	0	0	0	0
KMDN Kulasekara (SL)
2010-2014	10	19	1955	325.5	6	69	932	23	3/48	5/75	40.52	2.86	85.00	2	0	0	0
T Panyangara (ZIM)
2013-2014	6	12	1354	225.4	6	66	527	23	5/59	7/89	22.91	2.33	58.86	3	0	1	0
Rashid Khan (AFG)
2018-2019	4	7	938	156.2	6	28	485	23	6/49	11/104	21.08	3.10	40.78	4	0	3	1
NM Hauritz (AUS)
2010-2010	6	12	1570	261.4	6	54	909	22	5/53	6/126	41.31	3.47	71.36	4	0	1	0
AY Patel (NZ)
2018-2019	7	12	1589	264.5	6	54	708	22	5/59	7/123	32.18	2.67	72.22	3	0	2	0
JA Warrican (WI)
2015-2019	8	13	1546	257.4	6	32	872	22	4/62	6/105	39.63	3.38	70.27	3	2	0	0
Abdur Razzak (BAN)
2010-2018	8	13	1887	314.3	6	42	1112	21	4/63	5/123	52.95	3.53	89.85	3	1	0	0
MVT Fernando (SL)
2016-2019	7	11	1089	181.3	6	19	684	21	4/62	8/133	32.57	3.76	51.85	4	2	0	0
CJ Jordan (ENG)
2014-2015	8	16	1530	255.0	6	74	752	21	4/18	7/50	35.80	2.94	72.85	3	1	0	0
CB Mpofu (ZIM)
2011-2017	9	15	1659	276.3	6	64	836	21	4/92	5/123	39.80	3.02	79.00	3	1	0	0
SP Narine (WI)
2012-2013	6	11	1650	275.0	6	60	851	21	6/91	8/223	40.52	3.09	78.57	5	0	2	0
Aizaz Cheema (PAK)
2011-2012	7	14	1200	200.0	6	39	638	20	4/24	8/103	31.90	3.19	60.00	3	2	0	0
N Deonarine (WI)
2010-2013	13	17	1018	169.4	6	28	487	20	4/37	6/80	24.35	2.87	50.90	3	2	0	0
SR Harmer (SA)
2015-2015	5	8	1148	191.2	6	34	588	20	4/61	7/153	29.40	3.07	57.40	5	3	0	0
Sikandar Raza (ZIM)
2013-2018	12	18	1703	283.5	6	32	989	20	5/99	6/76	49.45	3.48	85.15	4	0	1	0
Shahadat Hossain (BAN)
2010-2015	15	25	2036	339.2	6	34	1415	19	5/71	6/124	74.47	4.16	107.15	2	0	2	0
VR Aaron (IND)
2011-2015	9	14	1189	198.1	6	12	947	18	3/97	3/97	52.61	4.77	66.05	2	0	0	0
KC Brathwaite (WI)
2011-2019	59	37	1899	316.3	6	26	1025	18	6/29	6/29	56.94	3.23	105.50	2	0	1	0
DM de Silva (SL)
2016-2019	29	41	1621	270.1	6	22	926	18	3/25	5/51	51.44	3.42	90.05	2	0	0	0
V Permaul (WI)
2012-2015	6	11	1371	228.3	6	34	788	18	3/32	4/107	43.77	3.44	76.16	3	0	0	0
LE Plunkett (ENG)
2014-2014	4	8	1121	186.5	6	31	620	18	5/64	9/176	34.44	3.31	62.27	3	1	1	0
Abu Jayed (BAN)
2018-2019	7	9	1052	175.2	6	35	618	17	4/108	4/59	36.35	3.52	61.88	4	1	0	0
L Embuldeniya (SL)
2019-2019	5	8	1248	208.0	6	20	743	17	5/66	6/117	43.70	3.57	73.41	3	2	1	0
HH Pandya (IND)
2017-2018	11	19	937	156.1	6	19	528	17	5/28	6/50	31.05	3.38	55.11	2	0	1	0
TS Roland-Jones (ENG)
2017-2017	4	8	536	89.2	6	23	334	17	5/57	8/129	19.64	3.73	31.52	2	0	1	0
Shafiul Islam (BAN)
2010-2017	11	19	1734	289.0	6	44	942	17	3/86	4/67	55.41	3.25	102.00	1	0	0	0
SPD Smith (AUS)
2010-2019	72	54	1381	230.1	6	25	960	17	3/18	4/83	56.47	4.17	81.23	2	0	0	0
Tanvir Ahmed (PAK)
2010-2013	5	10	707	117.5	6	20	453	17	6/120	6/149	26.64	3.84	41.58	3	1	1	0
SC Williams (ZIM)
2013-2018	10	16	1483	247.1	6	30	772	17	3/20	6/111	45.41	3.12	87.23	2	0	0	0
CJ Anderson (NZ)
2013-2016	13	23	1302	217.0	6	34	659	16	3/47	4/69	41.18	3.03	81.37	1	0	0	0
Bilal Asif (PAK)
2018-2018	5	10	1174	195.4	6	40	424	16	6/36	6/123	26.50	2.16	73.37	3	0	2	0
Danish Kaneria (PAK)
2010-2010	5	10	1180	196.4	6	18	791	16	5/151	5/169	49.43	4.02	73.75	2	0	1	0
Jubair Hossain (BAN)
2014-2015	6	9	715	119.1	6	10	493	16	5/96	7/152	30.81	4.13	44.68	2	0	1	0
SW Masakadza (ZIM)
2012-2014	5	9	1057	176.1	6	34	515	16	4/32	5/58	32.18	2.92	66.06	2	2	0	0
D Elgar (SA)
2012-2019	60	42	1017	169.3	6	12	653	15	4/22	4/56	43.53	3.85	67.80	1	1	0	0
L Ngidi (SA)
2018-2019	5	9	739	123.1	6	33	376	15	6/39	7/90	25.06	3.05	49.26	2	0	1	0
WD Parnell (SA)
2010-2017	6	10	556	92.4	6	11	414	15	4/51	6/89	27.60	4.46	37.06	1	1	0	0
Shoaib Malik (PAK)
2010-2015	7	11	696	116.0	6	16	361	15	4/33	7/59	24.06	3.11	46.40	2	1	0	0
H Masakadza (ZIM)
2011-2018	23	20	1038	173.0	6	45	450	14	3/24	3/24	32.14	2.60	74.14	1	0	0	0
JDS Neesham (NZ)
2014-2017	12	21	1076	179.2	6	18	675	14	3/42	3/42	48.21	3.76	76.85	1	0	0	0
PM Pushpakumara (SL)
2017-2018	4	6	860	143.2	6	14	520	14	3/28	5/92	37.14	3.62	61.42	3	0	0	0
WER Somerville (NZ)
2018-2019	3	6	818	136.2	6	28	352	14	4/75	7/127	25.14	2.58	58.42	3	1	0	0
J Botha (SA)
2010-2010	3	6	792	132.0	6	27	395	13	4/56	7/102	30.38	2.99	60.92	3	1	0	0
RRS Cornwall (WI)
2019-2019	2	4	645	107.3	6	25	294	13	7/75	10/121	22.61	2.73	49.61	3	0	1	1
TJ Murtagh (IRE)
2018-2019	3	6	570	95.0	6	25	213	13	5/13	6/65	16.38	2.24	43.84	2	1	1	0
SK Raina (IND)
2010-2015	18	22	1041	173.3	6	22	603	13	2/1	2/1	46.38	3.47	80.07	0	0	0	0
DT Tiripano (ZIM)
2014-2018	7	11	1246	207.4	6	40	606	13	3/91	4/105	46.61	2.91	95.84	1	0	0	0
E Chigumbura (ZIM)
2011-2014	8	14	977	162.5	6	39	468	12	4/21	4/55	39.00	2.87	81.41	2	1	0	0
MJ Clarke (AUS)
2010-2015	59	26	895	149.1	6	20	429	12	5/86	5/104	35.75	2.87	74.58	1	0	1	0
Elias Sunny (BAN)
2011-2013	4	7	863	143.5	6	11	518	12	6/94	7/128	43.16	3.60	71.91	2	0	1	0
CRD Fernando (SL)
2010-2012	7	10	1055	175.5	6	14	712	12	3/74	3/122	59.33	4.04	87.91	1	0	0	0
M Labuschagne (AUS)
2018-2019	13	18	702	117.0	6	11	436	12	3/45	5/119	36.33	3.72	58.50	1	0	0	0
BP Martin (NZ)
2013-2013	5	9	1518	253.0	6	77	646	12	4/43	5/133	53.83	2.55	126.50	2	2	0	0
CH Morris (SA)
2016-2017	4	8	623	103.5	6	15	459	12	3/38	5/45	38.25	4.42	51.91	1	0	0	0
Shadab Khan (PAK)
2017-2019	5	9	885	147.3	6	19	466	12	3/31	4/80	38.83	3.15	73.75	2	0	0	0
BV Vitori (ZIM)
2011-2013	4	7	833	138.5	6	25	464	12	5/61	6/130	38.66	3.34	69.41	2	1	1	0
Faheem Ashraf (PAK)
2018-2019	4	7	540	90.0	6	18	287	11	3/42	6/99	26.09	3.18	49.09	3	0	0	0
MR Gillespie (NZ)
2012-2012	2	4	352	58.4	6	9	251	11	6/113	6/168	22.81	4.27	32.00	2	0	2	0
Haris Sohail (PAK)
2017-2019	13	14	558	93.0	6	10	264	11	3/1	3/35	24.00	2.83	50.72	1	0	0	0
NLTC Perera (SL)
2011-2012	6	8	954	159.0	6	20	653	11	4/63	4/151	59.36	4.10	86.72	2	1	0	0
AL Phehlukwayo (SA)
2017-2018	4	8	250	41.4	6	9	147	11	3/13	5/25	13.36	3.52	22.72	2	0	0	0
RW Price (ZIM)
2011-2013	4	7	1000	166.4	6	44	410	11	2/34	4/104	37.27	2.46	90.90	0	0	0	0
TAM Siriwardana (SL)
2015-2016	5	9	413	68.5	6	6	257	11	3/25	5/51	23.36	3.73	37.54	1	0	0	0
JC Tredwell (ENG)
2010-2015	2	4	786	131.0	6	39	321	11	4/47	6/181	29.18	2.45	71.45	2	2	0	0
J Yadav (IND)
2016-2017	4	8	627	104.3	6	19	367	11	3/30	4/68	33.36	3.51	57.00	1	0	0	0
PLS Gamage (SL)
2017-2018	5	9	1112	185.2	6	39	573	10	2/38	3/67	57.30	3.09	111.20	0	0	0	0
RK Kleinveldt (SA)
2012-2013	4	7	667	111.1	6	21	422	10	3/65	4/97	42.20	3.79	66.70	1	0	0	0
SL Malinga (SL)
2010-2010	2	4	432	72.0	6	6	273	10	5/50	7/105	27.30	3.79	43.20	2	0	1	0
Mohammad Irfan (PAK)
2013-2013	4	6	712	118.4	6	15	389	10	3/44	4/86	38.90	3.27	71.20	3	0	0	0
Nayeem Hasan (BAN)
2018-2019	4	6	408	68.0	6	7	237	10	5/61	5/90	23.70	3.48	40.80	1	0	1	0
V Sehwag (IND)
2010-2013	32	23	1180	196.4	6	13	582	10	3/51	4/59	58.20	2.95	118.00	1	0	0	0
SR Thompson (IRE)
2018-2019	3	6	410	68.2	6	14	204	10	3/28	4/93	20.40	2.98	41.00	3	0	0	0
P Utseya (ZIM)
2013-2013	3	5	681	113.3	6	14	355	10	3/60	5/192	35.50	3.12	68.10	2	0	0	0
Yamin Ahmadzai (AFG)
2018-2019	4	7	420	70.0	6	16	211	10	3/41	6/93	21.10	3.01	42.00	3	0	0	0
AC Agar (AUS)
2013-2017	4	8	874	145.4	6	31	410	9	3/46	5/101	45.55	2.81	97.11	1	0	0	0
Al-Amin Hossain (BAN)
2013-2019	7	10	1016	169.2	6	35	545	9	3/80	3/85	60.55	3.21	112.88	2	0	0	0
BJ Arnel (NZ)
2010-2012	6	11	1008	168.0	6	37	566	9	4/95	4/95	62.88	3.36	112.00	2	1	0	0
M de Lange (SA)
2011-2012	2	4	448	74.4	6	10	277	9	7/81	8/126	30.77	3.70	49.77	1	0	1	0
JM Holland (AUS)
2016-2018	4	8	960	160.0	6	23	574	9	3/83	4/209	63.77	3.58	106.66	1	0	0	0
A Mithun (IND)
2010-2011	4	8	720	120.0	6	21	456	9	4/105	4/138	50.66	3.80	80.00	1	1	0	0
C Overton (ENG)
2017-2019	4	6	707	117.5	6	15	403	9	3/105	4/116	44.77	3.42	78.55	1	0	0	0
MD Shanaka (SL)
2016-2017	3	4	439	73.1	6	12	261	9	3/46	5/112	29.00	3.56	48.77	2	0	0	0
Subashis Roy (BAN)
2017-2017	4	7	749	124.5	6	19	465	9	3/118	3/118	51.66	3.72	83.22	1	0	0	0
LL Tsotsobe (SA)
2010-2011	5	9	870	145.0	6	35	448	9	3/43	5/83	49.77	3.08	96.66	1	0	0	0
Azhar Ali (PAK)
2010-2019	77	35	854	142.2	6	8	611	8	2/35	2/49	76.37	4.29	106.75	0	0	0	0
Kamrul Islam Rabbi (BAN)
2016-2018	7	11	750	125.0	6	13	504	8	3/87	3/99	63.00	4.03	93.75	1	0	0	0
GJ Maxwell (AUS)
2013-2017	7	9	462	77.0	6	4	341	8	4/127	4/127	42.62	4.42	57.75	1	1	0	0
Mohammad Nabi (AFG)
2018-2019	3	5	546	91.0	6	17	254	8	3/36	4/95	31.75	2.79	68.25	2	0	0	0
Mohammad Talha (PAK)
2014-2014	3	5	638	106.2	6	11	416	8	3/65	6/164	52.00	3.91	79.75	2	0	0	0
CT Mumba (ZIM)
2016-2016	2	4	467	77.5	6	12	298	8	4/50	5/151	37.25	3.82	58.37	2	1	0	0
M Muralidaran (SL)
2010-2010	1	2	370	61.4	6	8	191	8	5/63	8/191	23.87	3.09	46.25	2	0	1	0
Naseem Shah (PAK)
2019-2019	3	4	455	75.5	6	11	262	8	5/31	5/102	32.75	3.45	56.87	1	0	1	0
Nasir Hossain (BAN)
2011-2017	19	25	924	154.0	6	26	442	8	3/52	3/130	55.25	2.87	115.50	1	0	0	0
MJ North (AUS)
2010-2010	10	9	499	83.1	6	12	227	8	6/55	6/55	28.37	2.72	62.37	1	0	1	0
WB Rankin (ENG/IRE)
2014-2019	3	6	443	73.5	6	6	304	8	2/5	4/91	38.00	4.11	55.37	0	0	0	0
Shuvagata Hom (BAN)
2014-2016	8	11	846	141.0	6	10	506	8	2/66	3/94	63.25	3.58	105.75	0	0	0	0
MN Waller (ZIM)
2011-2017	14	9	456	76.0	6	8	218	8	4/59	6/124	27.25	2.86	57.00	1	1	0	0
LA Dawson (ENG)
2016-2017	3	5	526	87.4	6	12	298	7	2/34	4/101	42.57	3.39	75.14	0	0	0	0
XJ Doherty (AUS)
2010-2013	4	6	918	153.0	6	36	548	7	3/131	3/131	78.28	3.58	131.14	1	0	0	0
N M'shangwe (ZIM)
2014-2014	2	4	790	131.4	6	16	435	7	4/82	5/209	62.14	3.30	112.85	1	1	0	0
G Onions (ENG)
2010-2012	2	3	429	71.3	6	15	244	7	4/88	4/88	34.85	3.41	61.28	1	1	0	0
SR Patel (ENG)
2012-2015	6	10	858	143.0	6	23	421	7	2/27	3/164	60.14	2.94	122.57	0	0	0	0
Taskin Ahmed (BAN)
2017-2017	5	10	930	155.0	6	16	682	7	2/43	3/170	97.42	4.40	132.85	0	0	0	0
MR Adair (IRE)
2019-2019	1	2	166	27.4	6	8	98	6	3/32	6/98	16.33	3.54	27.66	2	0	0	0
Amir Hamza (AFG)
2019-2019	1	2	185	30.5	6	5	79	6	5/74	6/79	13.16	2.56	30.83	1	0	1	0
Bilawal Bhatti (PAK)
2013-2014	2	3	438	73.0	6	12	291	6	3/65	5/211	48.50	3.98	73.00	1	0	0	0
TA Copeland (AUS)
2011-2011	3	6	648	108.0	6	34	227	6	2/24	3/87	37.83	2.10	108.00	0	0	0	0
JP Faulkner (AUS)
2013-2013	1	2	166	27.4	6	4	98	6	4/51	6/98	16.33	3.54	27.66	1	1	0	0
A Nortje (SA)
2019-2019	3	4	471	78.3	6	16	282	6	3/56	5/103	47.00	3.59	78.50	1	0	0	0
KMA Paul (WI)
2018-2019	3	5	342	57.0	6	11	189	6	2/25	3/59	31.50	3.31	57.00	0	0	0	0
KP Pietersen (ENG)
2010-2014	48	26	564	94.0	6	6	361	6	3/52	4/78	60.16	3.84	94.00	1	0	0	0
JA Richardson (AUS)
2019-2019	2	4	306	51.0	6	15	123	6	3/26	5/45	20.50	2.41	51.00	1	0	0	0
T Shamsi (SA)
2016-2018	2	4	483	80.3	6	10	278	6	3/91	4/128	46.33	3.45	80.50	1	0	0	0
S van Zyl (SA)
2014-2016	12	11	403	67.1	6	15	148	6	3/20	3/22	24.66	2.20	67.16	1	0	0	0
ZS Ansari (ENG)
2016-2016	3	5	408	68.0	6	3	275	5	2/76	3/118	55.00	4.04	81.60	0	0	0	0
DJ Bravo (WI)
2010-2010	6	9	762	127.0	6	36	336	5	1/8	2/69	67.20	2.64	152.40	0	0	0	0
Ebadot Hossain (BAN)
2019-2019	4	4	570	95.0	6	14	397	5	3/91	3/91	79.40	4.17	114.00	1	0	0	0
Ehsan Adil (PAK)
2013-2015	3	5	481	80.1	6	19	263	5	2/54	2/54	52.60	3.28	96.20	0	0	0	0
MJ Guptill (NZ)
2010-2016	39	17	348	58.0	6	6	261	5	3/11	3/11	52.20	4.50	69.60	1	0	0	0
MEK Hussey (AUS)
2010-2013	33	23	408	68.0	6	7	203	5	1/0	2/2	40.60	2.98	81.60	0	0	0	0
Mohammad Nawaz (3) (PAK)
2016-2016	3	6	383	63.5	6	12	147	5	2/32	4/70	29.40	2.30	76.60	0	0	0	0
Mohammad Shahid (BAN)
2015-2015	5	6	630	105.0	6	30	288	5	2/23	4/95	57.60	2.74	126.00	0	0	0	0
J Nyumbu (ZIM)
2014-2016	3	6	663	110.3	6	11	379	5	5/157	5/181	75.80	3.42	132.60	1	0	1	0
IJL Trott (ENG)
2010-2015	49	31	672	112.0	6	11	372	5	1/5	1/5	74.40	3.32	134.40	0	0	0	0
GH Vihari (IND)
2018-2019	7	10	345	57.3	6	10	180	5	3/37	3/38	36.00	3.13	69.00	1	0	0	0
Zahir Khan (AFG)
2019-2019	2	3	222	37.0	6	3	158	5	3/59	3/105	31.60	4.27	44.40	1	0	0	0
TD Astle (NZ)
2012-2019	4	6	427	71.1	6	15	216	4	3/39	3/39	54.00	3.03	106.75	1	0	0	0
GJ Batty (ENG)
2016-2016	2	4	320	53.2	6	4	181	4	3/65	4/116	45.25	3.39	80.00	1	0	0	0
SG Borthwick (ENG)
2014-2014	1	2	78	13.0	6	0	82	4	3/33	4/82	20.50	6.30	19.50	1	0	0	0
PP Chawla (IND)
2012-2012	1	2	287	47.5	6	7	133	4	4/69	4/133	33.25	2.78	71.75	1	1	0	0
GF Linde (SA)
2019-2019	1	1	186	31.0	6	2	133	4	4/133	4/133	33.25	4.29	46.50	1	1	0	0
B Mavuta (ZIM)
2018-2018	2	4	336	56.0	6	3	237	4	4/21	4/48	59.25	4.23	84.00	1	1	0	0
KO Meth (ZIM)
2013-2013	2	3	324	54.0	6	18	98	4	2/41	2/41	24.50	1.81	81.00	0	0	0	0
Mohammad Sami (PAK)
2010-2012	3	6	515	85.5	6	10	322	4	3/27	3/101	80.50	3.75	128.75	1	0	0	0
Mominul Haque (BAN)
2013-2019	38	27	601	100.1	6	8	376	4	3/27	3/42	94.00	3.75	150.25	1	0	0	0
S Nadeem (IND)
2019-2019	1	2	104	17.2	6	5	40	4	2/18	4/40	10.00	2.30	26.00	0	0	0	0
Nazmul Islam (BAN)
2018-2018	1	2	174	29.0	6	7	76	4	2/27	4/76	19.00	2.62	43.50	0	0	0	0
A Shahzad (ENG)
2010-2010	1	2	102	17.0	6	4	63	4	3/45	4/63	15.75	3.70	25.50	1	0	0	0
KV Sharma (IND)
2014-2014	1	2	294	49.0	6	3	238	4	2/95	4/238	59.50	4.85	73.50	0	0	0	0
Sohrawordi Shuvo (BAN)
2011-2011	1	2	297	49.3	6	6	146	4	3/73	4/146	36.50	2.94	74.25	1	0	0	0
Waqar Salamkheil (AFG)
2019-2019	1	2	186	31.0	6	6	101	4	2/35	4/101	25.25	3.25	46.50	0	0	0	0
DA Warner (AUS)
2011-2019	83	19	342	57.0	6	1	269	4	2/45	2/45	67.25	4.71	85.50	0	0	0	0
Ziaur Rahman (BAN)
2013-2013	1	2	180	30.0	6	11	71	4	4/63	4/71	17.75	2.36	45.00	1	1	0	0
Abul Hasan (BAN)
2012-2013	3	5	528	88.0	6	8	371	3	2/80	2/101	123.66	4.21	176.00	0	0	0	0
JT Ball (ENG)
2016-2017	4	6	612	102.0	6	23	343	3	1/47	1/47	114.33	3.36	204.00	0	0	0	0
MA Beer (AUS)
2011-2012	2	3	406	67.4	6	13	178	3	2/56	2/66	59.33	2.63	135.33	0	0	0	0
DM Bess (ENG)
2018-2018	2	3	190	31.4	6	1	121	3	3/33	3/33	40.33	3.82	63.33	1	0	0	0
STR Binny (IND)
2014-2015	6	7	450	75.0	6	12	258	3	2/24	2/73	86.00	3.44	150.00	0	0	0	0
J Cameron-Dow (IRE)
2019-2019	1	2	143	23.5	6	0	118	3	2/94	3/118	39.33	4.95	47.66	0	0	0	0
MT Chinouya (ZIM)
2016-2016	2	3	342	57.0	6	14	188	3	1/45	2/109	62.66	3.29	114.00	0	0	0	0
TS Chisoro (ZIM)
2017-2017	1	1	248	41.2	6	9	113	3	3/113	3/113	37.66	2.73	82.66	1	0	0	0
Enamul Haque jnr (BAN)
2013-2013	1	2	360	60.0	6	7	178	3	3/133	3/178	59.33	2.96	120.00	1	0	0	0
DAS Gunaratne (SL)
2016-2017	6	6	156	26.0	6	1	114	3	2/28	2/28	38.00	4.38	52.00	0	0	0	0
SM Katich (AUS)
2010-2010	9	3	108	18.0	6	4	62	3	3/34	3/44	20.66	3.44	36.00	1	0	0	0
GA Lamb (ZIM)
2011-2011	1	2	192	32.0	6	2	141	3	3/120	3/141	47.00	4.40	64.00	1	0	0	0
SH Lewis (WI)
2018-2018	2	2	240	40.0	6	2	162	3	2/93	2/93	54.00	4.05	80.00	0	0	0	0
AR McBrine (IRE)
2019-2019	2	3	300	50.0	6	10	159	3	2/77	3/112	53.00	3.18	100.00	0	0	0	0
R McLaren (SA)
2010-2014	2	4	264	44.0	6	8	162	3	2/72	2/119	54.00	3.68	88.00	0	0	0	0
Nazmul Hossain (BAN)
2011-2011	1	2	174	29.0	6	6	80	3	2/61	3/80	26.66	2.75	58.00	0	0	0	0
Soumya Sarkar (BAN)
2015-2019	15	11	442	73.4	6	2	288	3	2/68	2/68	96.00	3.90	147.33	0	0	0	0
OP Stone (ENG)
2019-2019	1	1	72	12.0	6	3	29	3	3/29	3/29	9.66	2.41	24.00	1	0	0	0
DR Tuffey (NZ)
2010-2010	2	3	312	52.0	6	14	166	3	2/84	3/117	55.33	3.19	104.00	0	0	0	0
Umar Amin (PAK)
2010-2010	4	5	132	22.0	6	4	63	3	1/7	2/19	21.00	2.86	44.00	0	0	0	0
Asad Shafiq (PAK)
2010-2019	73	13	280	46.4	6	1	160	2	1/7	1/18	80.00	3.42	140.00	0	0	0	0
J Blackwood (WI)
2014-2019	28	12	324	54.0	6	9	194	2	2/14	2/65	97.00	3.59	162.00	0	0	0	0
PD Collingwood (ENG)
2010-2011	13	10	294	49.0	6	9	127	2	1/3	1/5	63.50	2.59	147.00	0	0	0	0
SS Cottrell (WI)
2013-2014	2	2	276	46.0	6	4	196	2	1/72	1/72	98.00	4.26	138.00	0	0	0	0
TK Curran (ENG)
2017-2018	2	3	396	66.0	6	14	200	2	1/65	1/82	100.00	3.03	198.00	0	0	0	0
GH Dockrell (IRE)
2019-2019	1	2	240	40.0	6	11	121	2	2/63	2/121	60.50	3.02	120.00	0	0	0	0
JEC Franklin (NZ)
2011-2013	5	7	368	61.2	6	9	174	2	1/16	1/31	87.00	2.83	184.00	0	0	0	0
CH Gayle (WI)
2010-2014	18	8	276	46.0	6	7	132	2	1/2	1/2	66.00	2.86	138.00	0	0	0	0
PR George (AUS)
2010-2010	1	2	168	28.0	6	3	77	2	2/48	2/77	38.50	2.75	84.00	0	0	0	0
MC Henriques (AUS)
2013-2016	4	4	330	55.0	6	12	164	2	1/48	1/48	82.00	2.98	165.00	0	0	0	0
FDM Karunaratne (SL)
2012-2019	64	11	237	39.3	6	4	149	2	1/12	1/12	74.50	3.77	118.50	0	0	0	0
WP Masakadza (ZIM)
2018-2018	1	2	79	13.1	6	2	54	2	2/33	2/54	27.00	4.10	39.50	0	0	0	0
Mohammad Ashraful (BAN)
2010-2013	11	12	238	39.4	6	3	157	2	1/13	1/13	78.50	3.95	119.00	0	0	0	0
C Munro (NZ)
2013-2013	1	1	108	18.0	6	4	40	2	2/40	2/40	20.00	2.22	54.00	0	0	0	0
S Muthusamy (SA)
2019-2019	2	3	225	37.3	6	2	180	2	1/63	1/83	90.00	4.80	112.50	0	0	0	0
Pankaj Singh (IND)
2014-2014	2	3	450	75.0	6	17	292	2	2/113	2/113	146.00	3.89	225.00	0	0	0	0
KK Peters (WI)
2014-2014	1	1	120	20.0	6	7	69	2	2/69	2/69	34.50	3.45	60.00	0	0	0	0
D Pretorius (SA)
2019-2019	1	2	144	24.0	6	8	49	2	1/23	2/49	24.50	2.04	72.00	0	0	0	0
RA Reifer (WI)
2017-2017	1	2	180	30.0	6	9	88	2	1/36	2/88	44.00	2.93	90.00	0	0	0	0
CJ Sayers (AUS)
2018-2018	1	2	294	49.0	6	11	146	2	2/78	2/146	73.00	2.97	147.00	0	0	0	0
Shan Masood (PAK)
2013-2019	19	5	78	13.0	6	4	44	2	1/6	1/6	22.00	3.38	39.00	0	0	0	0
RG Sharma (IND)
2013-2019	32	14	370	61.4	6	5	216	2	1/26	1/35	108.00	3.50	185.00	0	0	0	0
RJ Sidebottom (ENG)
2010-2010	1	1	186	31.0	6	6	98	2	2/98	2/98	49.00	3.16	93.00	0	0	0	0
LRPL Taylor (NZ)
2010-2019	76	5	64	10.4	6	2	34	2	2/4	2/4	17.00	3.18	32.00	0	0	0	0
SR Tendulkar (IND)
2010-2013	38	16	258	43.0	6	3	194	2	1/5	1/9	97.00	4.51	129.00	0	0	0	0
Wafadar Momand (AFG)
2018-2019	2	3	222	37.0	6	8	155	2	2/100	2/100	77.50	4.18	111.00	0	0	0	0
Younis Khan (PAK)
2010-2017	55	13	264	44.0	6	6	150	2	1/16	1/16	75.00	3.40	132.00	0	0	0	0
Ariful Haque (BAN)
2018-2018	2	3	66	11.0	6	4	24	1	1/10	1/17	24.00	2.18	66.00	0	0	0	0
T Bavuma (SA)
2014-2019	39	5	96	16.0	6	1	61	1	1/29	1/29	61.00	3.81	96.00	0	0	0	0
BJ Bess (WI)
2010-2010	1	2	78	13.0	6	0	92	1	1/65	1/92	92.00	7.07	78.00	0	0	0	0
CR Brathwaite (WI)
2015-2016	3	4	408	68.0	6	9	242	1	1/30	1/139	242.00	3.55	408.00	0	0	0	0
DG Brownlie (NZ)
2011-2013	14	5	66	11.0	6	0	52	1	1/13	1/15	52.00	4.72	66.00	0	0	0	0
S Chanderpaul (WI)
2010-2015	41	1	60	10.0	6	0	38	1	1/38	1/38	38.00	3.80	60.00	0	0	0	0
CJ Chibhabha (ZIM)
2016-2017	3	4	246	41.0	6	4	162	1	1/44	1/44	162.00	3.95	246.00	0	0	0	0
AN Cook (ENG)
2010-2018	111	1	12	2.0	6	0	6	1	1/6	1/6	6.00	3.00	12.00	0	0	0	0
MS Crane (ENG)
2018-2018	1	1	288	48.0	6	3	193	1	1/193	1/193	193.00	4.02	288.00	0	0	0	0
F de Wet (SA)
2010-2010	1	2	168	28.0	6	8	59	1	1/23	1/59	59.00	2.10	168.00	0	0	0	0
MD Gunathilaka (SL)
2017-2018	8	6	198	33.0	6	3	111	1	1/16	1/57	111.00	3.36	198.00	0	0	0	0
JW Hastings (AUS)
2012-2012	1	2	234	39.0	6	3	153	1	1/51	1/153	153.00	3.92	234.00	0	0	0	0
Iftikhar Ahmed (PAK)
2016-2019	3	4	188	31.2	6	1	141	1	1/1	1/13	141.00	4.50	188.00	0	0	0	0
TP Kamungozi (ZIM)
2014-2014	1	2	156	26.0	6	6	58	1	1/51	1/58	58.00	2.23	156.00	0	0	0	0
C Karunaratne (SL)
2019-2019	1	2	156	26.0	6	1	148	1	1/130	1/148	148.00	5.69	156.00	0	0	0	0
CKB Kulasekara (SL)
2011-2011	1	2	168	28.0	6	7	80	1	1/65	1/80	80.00	2.85	168.00	0	0	0	0
BB McCullum (NZ)
2010-2016	52	8	175	29.1	6	5	88	1	1/1	1/13	88.00	3.01	175.00	0	0	0	0
AJ McKay (NZ)
2010-2010	1	1	186	31.0	6	5	120	1	1/120	1/120	120.00	3.87	186.00	0	0	0	0
MF Maharoof (SL)
2011-2011	2	3	312	52.0	6	8	173	1	1/92	1/92	173.00	3.32	312.00	0	0	0	0
BKG Mendis (SL)
2015-2019	42	7	84	14.0	6	1	69	1	1/10	1/18	69.00	4.92	84.00	0	0	0	0
JM Mennie (AUS)
2016-2016	1	1	168	28.0	6	5	85	1	1/85	1/85	85.00	3.03	168.00	0	0	0	0
SF Mire (ZIM)
2017-2017	2	3	84	14.0	6	2	32	1	1/22	1/27	32.00	2.28	84.00	0	0	0	0
Mir Hamza (PAK)
2018-2018	1	2	90	15.0	6	2	67	1	1/40	1/67	67.00	4.46	90.00	0	0	0	0
Mujeeb Ur Rahman (AFG)
2018-2018	1	1	90	15.0	6	1	75	1	1/75	1/75	75.00	5.00	90.00	0	0	0	0
PWA Mulder (SA)
2019-2019	1	2	42	7.0	6	3	12	1	1/6	1/12	12.00	1.71	42.00	0	0	0	0
BP Nash (WI)
2010-2011	9	7	162	27.0	6	4	69	1	1/21	1/21	69.00	2.55	162.00	0	0	0	0
N Ncube (ZIM)
2011-2011	1	2	210	35.0	6	4	121	1	1/80	1/121	121.00	3.45	210.00	0	0	0	0
MM Patel (IND)
2011-2011	1	2	264	44.0	6	12	119	1	1/48	1/119	119.00	2.70	264.00	0	0	0	0
AN Petersen (SA)
2010-2015	36	7	114	19.0	6	1	62	1	1/2	1/2	62.00	3.26	114.00	0	0	0	0
Qais Ahmad (AFG)
2019-2019	1	2	54	9.0	6	2	28	1	1/22	1/28	28.00	3.11	54.00	0	0	0	0
Raqibul Hasan (BAN)
2010-2011	4	2	30	5.0	6	1	12	1	1/0	1/0	12.00	2.40	30.00	0	0	0	0
JA Raval (NZ)
2016-2019	23	2	84	14.0	6	1	34	1	1/33	1/33	34.00	2.42	84.00	0	0	0	0
AD Russell (WI)
2010-2010	1	2	138	23.0	6	2	104	1	1/73	1/104	104.00	4.52	138.00	0	0	0	0
JD Ryder (NZ)
2010-2011	7	2	114	19.0	6	4	68	1	1/56	1/56	68.00	3.57	114.00	0	0	0	0
TT Samaraweera (SL)
2010-2013	24	3	36	6.0	6	0	10	1	1/7	1/7	10.00	1.66	36.00	0	0	0	0
Shahid Afridi (PAK)
2010-2010	1	2	102	17.0	6	0	69	1	1/44	1/69	69.00	4.05	102.00	0	0	0	0
Sunzamul Islam (BAN)
2018-2018	1	1	270	45.0	6	2	153	1	1/153	1/153	153.00	3.40	270.00	0	0	0	0
Usman Shinwari (PAK)
2019-2019	1	1	90	15.0	6	4	54	1	1/54	1/54	54.00	3.60	90.00	0	0	0	0
M Vijay (IND)
2010-2018	59	18	384	64.0	6	6	198	1	1/12	1/23	198.00	3.09	384.00	0	0	0	0
GC Viljoen (SA)
2016-2016	1	2	114	19.0	6	2	94	1	1/79	1/94	94.00	4.94	114.00	0	0	0	0
R Vinay Kumar (IND)
2012-2012	1	1	78	13.0	6	0	73	1	1/73	1/73	73.00	5.61	78.00	0	0	0	0
KDK Vithanage (SL)
2013-2015	10	5	174	29.0	6	1	133	1	1/73	1/73	133.00	4.58	174.00	0	0	0	0
Yuvraj Singh (IND)
2010-2012	9	12	232	38.4	6	3	141	1	1/51	1/52	141.00	3.64	232.00	0	0	0	0
Aftab Ahmed (BAN)
2010-2010	2	2	30	5.0	6	0	12	0	-	-	-	2.40	0.00	0	0	0	0
Ahmed Shehzad (PAK)
2013-2017	13	2	48	8.0	6	0	28	0	-	-	-	3.50	0.00	0	0	0	0
HM Amla (SA)
2010-2019	85	1	12	2.0	6	0	9	0	-	-	-	4.50	0.00	0	0	0	0
Asghar Afghan (AFG)
2018-2019	4	1	12	2.0	6	0	16	0	-	-	-	8.00	0.00	0	0	0	0
A Balbirnie (IRE)
2018-2019	3	1	6	1.0	6	0	8	0	-	-	-	8.00	0.00	0	0	0	0
GS Ballance (ENG)
2014-2017	23	2	12	2.0	6	1	5	0	-	-	-	2.50	0.00	0	0	0	0
HK Bennett (NZ)
2010-2010	1	1	90	15.0	6	2	47	0	-	-	-	3.13	0.00	0	0	0	0
TA Blundell (NZ)
2017-2019	3	1	18	3.0	6	0	13	0	-	-	-	4.33	0.00	0	0	0	0
RS Bopara (ENG)
2011-2012	3	3	138	23.0	6	3	91	0	-	-	-	3.95	0.00	0	0	0	0
DM Bravo (WI)
2010-2019	54	1	6	1.0	6	0	2	0	-	-	-	2.00	0.00	0	0	0	0
JD Campbell (WI)
2019-2019	6	2	61	10.1	6	0	30	0	-	-	-	2.95	0.00	0	0	0	0
HWR Cartwright (AUS)
2017-2017	2	2	54	9.0	6	1	31	0	-	-	-	3.44	0.00	0	0	0	0
BB Chari (ZIM)
2014-2018	7	2	18	3.0	6	0	12	0	-	-	-	4.00	0.00	0	0	0	0
SC Cook (SA)
2016-2017	11	1	12	2.0	6	0	16	0	-	-	-	8.00	0.00	0	0	0	0
TB de Bruyn (SA)
2017-2019	12	4	102	17.0	6	1	74	0	-	-	-	4.35	0.00	0	0	0	0
JL Denly (ENG)
2019-2019	11	9	240	40.0	6	6	148	0	-	-	-	3.70	0.00	0	0	0	0
AB de Villiers (SA)
2010-2018	60	1	6	1.0	6	0	5	0	-	-	-	5.00	0.00	0	0	0	0
S Dhawan (IND)
2013-2018	34	5	54	9.0	6	2	18	0	-	-	-	2.00	0.00	0	0	0	0
MS Dhoni (IND)
2010-2014	50	5	84	14.0	6	1	53	0	-	-	-	3.78	0.00	0	0	0	0
TM Dowlin (WI)
2010-2010	2	1	6	1.0	6	0	3	0	-	-	-	3.00	0.00	0	0	0	0
F du Plessis (SA)
2012-2019	62	5	78	13.0	6	0	69	0	-	-	-	5.30	0.00	0	0	0	0
KA Edwards (WI)
2011-2014	17	1	24	4.0	6	0	19	0	-	-	-	4.75	0.00	0	0	0	0
LH Ferguson (NZ)
2019-2019	1	1	66	11.0	6	1	47	0	-	-	-	4.27	0.00	0	0	0	0
BOP Fernando (SL)
2019-2019	4	3	18	3.0	6	0	19	0	-	-	-	6.33	0.00	0	0	0	0
AJ Finch (AUS)
2018-2018	5	1	12	2.0	6	0	8	0	-	-	-	4.00	0.00	0	0	0	0
DR Flynn (NZ)
2012-2013	8	1	6	1.0	6	1	0	0	-	-	-	0.00	0.00	0	0	0	0
AB Fudadin (WI)
2012-2012	3	1	30	5.0	6	1	11	0	-	-	-	2.20	0.00	0	0	0	0
G Gambhir (IND)
2010-2016	31	1	12	2.0	6	0	4	0	-	-	-	2.00	0.00	0	0	0	0
AD Hales (ENG)
2015-2016	11	1	18	3.0	6	1	2	0	-	-	-	0.66	0.00	0	0	0	0
TM Head (AUS)
2018-2019	16	8	114	19.0	6	4	65	0	-	-	-	3.42	0.00	0	0	0	0
Imran Farhat (PAK)
2010-2013	9	4	102	17.0	6	1	49	0	-	-	-	2.88	0.00	0	0	0	0
Imrul Kayes (BAN)
2010-2019	33	3	18	3.0	6	0	5	0	-	-	-	1.66	0.00	0	0	0	0
Javed Ahmadi (AFG)
2018-2019	2	1	6	1.0	6	0	9	0	-	-	-	9.00	0.00	0	0	0	0
MDUS Jayasundera (SL)
2015-2015	2	2	42	7.0	6	0	45	0	-	-	-	6.42	0.00	0	0	0	0
DPMD Jayawardene (SL)
2010-2014	39	2	42	7.0	6	2	18	0	-	-	-	2.57	0.00	0	0	0	0
KK Jennings (ENG)
2016-2019	17	4	73	12.1	6	1	55	0	-	-	-	4.52	0.00	0	0	0	0
LR Johnson (WI)
2014-2016	9	1	24	4.0	6	0	9	0	-	-	-	2.25	0.00	0	0	0	0
Junaid Siddique (BAN)
2010-2012	7	1	6	1.0	6	0	9	0	-	-	-	9.00	0.00	0	0	0	0
