# Strike-rate-enriched source data — 2020s (all nations).
# Markers: "+" incomplete, "*" estimated, "-" n/a.
# BATTING cols (after Span): Mat, Inns, NO, Runs, HS, Ave, BF, SR, 100, 30+, 50, 0, 4s, 6s
# BOWLING cols (after Span): Mat, Inns, Balls, Overs, BPO, Mdns, Runs, Wkts, BBI, BBM, Ave, Econ, SR, 3w, 4w, 5w, 10w

# ============ BATTING ============
JE Root (ENG)
2020-2026	75	136	13	6593	262	53.60	10735	61.41	24	64	21	7	664	26
SPD Smith (AUS)
2020-2026	51	90	12	3599	200*	46.14	7080	50.83	11	41	16	7	377	25
Z Crawley (ENG)
2020-2026	63	116	2	3585	267	31.44	5469	65.55	5	40	21	12	499	13
OJ Pope (ENG)
2020-2025	60	107	5	3568	205	34.98	5412	65.92	9	34	15	6	419	18
TM Head (AUS)
2020-2026	49	84	4	3511	175	43.88	4454	78.82	10	36	13	5	429	40
M Labuschagne (AUS)
2020-2026	50	93	9	3509	215	41.77	6843	51.27	8	42	18	3	389	12
BA Stokes (ENG)
2020-2026	61	108	5	3441	176	33.40	5841	58.91	6	45	17	6	359	73
UT Khawaja (AUS)
2022-2026	44	82	8	3342	232	45.16	7046	47.43	8	36	14	6	352	13
HC Brook (ENG)
2022-2026	36	62	2	3234	317	53.90	3735	86.58	10	37	16	5	349	52
KS Williamson (NZ)
2020-2026	32	58	6	3136	251	60.30	5932	52.86	12	33	7	3	369	14
BM Duckett (ENG)
2022-2026	40	75	3	3016	182	41.88	3448	87.47	6	32	15	5	393	17
Shubman Gill (IND)
2020-2026	41	74	7	2969	269	44.31	4800	61.85	11	30	8	5	333	47
RR Pant (IND)
2020-2026	39	69	4	2803	146	43.12	3738	74.98	6	33	17	2	302	79
FDM Karunaratne (SL)
2020-2025	36	67	3	2801	244	43.76	5010	55.90	7	30	15	1	322	4
Babar Azam (PAK)
2020-2026	37	67	2	2774	196	42.67	5095	54.44	5	36	18	2	329	15
TWM Latham (NZ)
2020-2026	44	81	3	2710	252	34.74	5484	49.41	5	30	15	7	310	9
Litton Das (BAN)
2020-2026	36	63	1	2612	141	42.12	4284	60.97	6	31	16	1	298	22
DP Conway (NZ)
2021-2026	34	63	2	2579	227	42.27	4810	53.61	7	25	13	5	325	15
Mushfiqur Rahim (BAN)
2020-2026	33	59	7	2553	203*	49.09	5007	50.98	8	27	8	2	267	8
YBK Jaiswal (IND)
2023-2026	29	54	2	2535	214*	48.75	3835	66.10	7	26	13	6	317	45
LD Chandimal (SL)
2020-2025	35	61	8	2515	206*	47.45	4857	51.78	5	31	16	4	257	22
AD Mathews (SL)
2020-2025	35	61	6	2510	200*	45.63	5366	46.77	7	30	11	4	222	34
Najmul Hossain Shanto (BAN)
2020-2026	39	73	2	2482	163	34.95	4535	54.72	9	26	6	7	277	32
KC Brathwaite (WI)
2020-2025	41	81	3	2454	182	31.46	5997	40.92	4	27	14	7	257	7
Mominul Haque (BAN)
2020-2026	39	72	6	2401	132	36.37	4625	51.91	5	31	14	10	270	14
DM de Silva (SL)
2020-2025	36	60	5	2375	166	43.18	3977	59.71	6	31	14	4	281	24
Mohammad Rizwan (PAK)
2020-2026	38	65	7	2365	171*	40.77	4432	53.36	3	31	13	2	237	18
AT Carey (AUS)
2021-2026	48	73	8	2333	156	35.89	3581	65.14	3	28	13	4	248	17
RA Jadeja (IND)
2020-2025	41	64	9	2251	175*	40.92	4490	50.13	5	25	14	4	222	33
RG Sharma (IND)
2021-2024	35	63	3	2160	161	36.00	3925	55.03	6	26	8	2	257	36
KL Rahul (IND)
2021-2026	32	59	3	2147	137	38.33	4422	48.55	7	23	9	3	259	16
DJ Mitchell (NZ)
2020-2026	36	57	5	2115	190	40.67	3927	53.85	5	25	14	2	201	40
TA Blundell (NZ)
2020-2026	43	70	6	2095	186	32.73	3929	53.32	4	26	11	6	249	18
V Kohli (IND)
2020-2025	39	69	3	2028	186	30.72	4151	48.85	3	24	9	5	222	8
JM Bairstow (ENG)
2021-2024	30	55	5	2012	162	40.24	2911	69.11	6	22	5	7	246	30
T Bavuma (SA)
2020-2025	27	49	7	1998	172	47.57	4033	49.54	3	28	13	3	205	12
BKG Mendis (SL)
2020-2025	31	53	3	1980	245	39.60	3198	61.91	4	21	12	7	225	26
Saud Shakeel (PAK)
2022-2026	23	44	3	1802	208*	43.95	3674	49.04	4	20	10	4	180	2
AK Markram (SA)
2020-2025	30	55	2	1768	136	33.35	3167	55.82	4	24	7	2	251	9
C Green (AUS)
2020-2026	37	59	6	1736	174*	32.75	3512	49.43	2	21	7	5	196	14
DA Warner (AUS)
2020-2024	29	52	2	1698	200	33.96	2813	60.36	3	21	7	4	196	13
D Elgar (SA)
2020-2024	26	48	2	1681	185	36.54	3210	52.36	2	20	10	3	235	1
Salman Agha (PAK)
2022-2026	25	48	6	1663	132*	39.59	2673	62.21	3	22	12	2	177	17
R Ravindra (NZ)
2021-2026	22	40	5	1655	240	47.28	2580	64.14	5	15	5	2	182	24
Abdullah Shafique (PAK)
2021-2025	24	46	3	1610	201	37.44	3646	44.15	5	16	6	6	155	20
Mehidy Hasan Miraz (BAN)
2021-2026	36	62	4	1593	104	27.46	3151	50.55	2	20	7	4	188	16
Shan Masood (PAK)
2020-2026	27	51	1	1564	156	31.28	2658	58.84	4	17	8	6	155	15
J Blackwood (WI)
2020-2023	28	53	2	1536	104	30.11	3065	50.11	2	17	8	2	188	9
CA Pujara (IND)
2020-2023	28	52	3	1455	102*	29.69	3924	37.07	1	18	11	5	181	2
HM Nicholls (NZ)
2020-2025	27	43	4	1450	200*	37.17	2790	51.97	5	13	3	2	158	7
SC Williams (ZIM)
2020-2025	14	27	4	1393	154	60.56	2008	69.37	5	16	5	0	151	15
JL Smith (ENG)
2024-2026	21	37	4	1326	184*	40.18	1778	74.57	2	17	7	1	144	30
PHKD Mendis (SL)
2022-2025	14	24	3	1316	182*	62.66	2063	63.79	5	14	5	0	137	24
P Nissanka (SL)
2021-2025	18	31	2	1305	187	45.00	2299	56.76	4	12	7	0	150	5
K Verreynne (SA)
2021-2025	31	48	6	1266	136*	30.14	2271	55.74	4	14	3	4	131	14
Azhar Ali (PAK)
2020-2022	20	34	3	1257	185	40.54	2963	42.42	3	16	4	5	145	6
Imam-ul-Haq (PAK)
2022-2026	16	31	2	1249	157	43.06	2643	47.25	3	15	7	2	127	10
PWA Mulder (SA)
2020-2025	23	38	5	1239	367*	37.54	2150	57.62	3	12	1	4	149	17
J Da Silva (WI)
2020-2024	33	59	9	1238	100*	24.76	3017	41.03	1	14	5	5	127	7
WA Young (NZ)
2020-2025	23	41	3	1215	89	31.97	2594	46.83	0	18	11	1	153	5
JO Holder (WI)
2020-2024	29	54	9	1175	81*	26.11	2417	48.61	0	16	6	8	136	22
Shadman Islam (BAN)
2021-2026	21	40	2	1148	120	30.21	2257	50.86	2	13	7	3	133	3
R Ashwin (IND)
2020-2024	36	55	2	1118	113	21.09	2061	54.24	2	13	3	6	130	9
Mahmudul Hasan Joy (BAN)
2021-2026	22	41	0	1105	171	26.95	2459	44.93	2	13	6	8	127	7
CR Ervine (ZIM)
2020-2025	16	31	1	990	107	33.00	2005	49.37	2	12	4	0	100	8
MA Starc (AUS)
2020-2026	49	70	16	985	77	18.24	1989	49.52	0	8	3	6	103	9
JD Campbell (WI)
2020-2025	22	44	4	978	115	24.45	1993	49.07	1	13	2	3	122	8
DP Sibley (ENG)
2020-2021	19	34	3	971	133*	31.32	2798	34.70	2	14	5	6	103	1
AM Rahane (IND)
2020-2023	22	39	1	965	112	25.39	2139	45.11	1	12	4	4	115	6
KR Mayers (WI)
2021-2023	18	32	3	949	210*	32.72	1550	61.22	2	12	2	5	117	16
Washington Sundar (IND)
2021-2026	18	30	9	937	101*	44.61	1998	46.89	1	11	6	3	80	20
PJ Cummins (AUS)
2020-2025	43	64	7	928	64*	16.28	1644	56.44	0	9	1	6	85	25
T de Zorzi (SA)
2023-2025	17	31	1	919	177	30.63	1677	54.80	2	11	3	3	88	13
N Dickwella (SL)
2020-2023	19	32	3	900	96	31.03	1419	63.42	0	12	8	1	93	2
RD Rickelton (SA)
2022-2025	15	27	3	897	259	37.37	1697	52.85	2	8	1	1	106	7
CR Woakes (ENG)
2020-2025	30	46	7	889	84*	22.79	1549	57.39	0	12	3	5	108	6
JC Buttler (ENG)
2020-2022	19	32	3	861	152	29.68	1801	47.80	1	11	3	4	97	9
Abid Ali (PAK)
2020-2021	14	23	1	859	215*	39.04	1897	45.28	2	8	3	2	109	3
GD Phillips (NZ)
2020-2026	18	31	6	853	87	34.12	1172	72.78	0	12	5	2	88	27
HE van der Dussen (SA)
2020-2022	17	30	2	848	98	30.28	2120	40.00	0	12	5	3	95	4
DG Bedingham (SA)
2023-2025	15	26	3	828	110	36.00	1228	67.42	1	12	4	2	91	17
BOP Fernando (SL)
2020-2025	18	32	3	827	91	28.51	1711	48.33	0	10	6	1	90	8
MR Marsh (AUS)
2023-2024	14	25	2	823	118	35.78	1214	67.79	1	11	6	3	110	15
SS Iyer (IND)
2021-2024	14	24	2	811	105	36.86	1287	63.01	1	8	5	2	94	16
RJ Burns (ENG)
2020-2022	17	30	0	810	132	27.00	1917	42.25	1	11	5	8	96	2
BT Foakes (ENG)
2021-2024	20	36	5	807	113*	26.03	1794	44.98	1	13	3	3	79	2
Tamim Iqbal (BAN)
2020-2023	12	22	1	807	133	38.42	1204	67.02	1	11	4	3	117	6
NE Bonner (WI)
2021-2022	15	25	4	803	123	38.23	2342	34.28	2	12	3	4	87	3
RL Chase (WI)
2020-2025	25	48	0	791	70	16.47	1900	41.63	0	10	4	9	72	11
A Athanaze (WI)
2023-2025	17	33	0	781	92	23.66	1492	52.34	0	11	4	2	91	4
KA Maharaj (SA)
2020-2025	34	51	2	768	84	15.67	1276	60.18	0	9	5	12	88	16
SD Hope (WI)
2020-2025	15	30	0	762	140	25.40	1673	45.54	2	8	1	0	87	4
Fawad Alam (PAK)
2020-2022	16	24	4	761	140	38.05	1729	44.01	4	7	2	3	89	2
T Stubbs (SA)
2024-2025	14	26	2	759	122	31.62	1632	46.50	2	8	3	2	62	12
LJ Tucker (IRE)
2023-2026	10	20	2	753	108	41.83	1256	59.95	1	12	5	2	96	5
Shakib Al Hasan (BAN)
2021-2024	15	25	1	747	87	31.12	1249	59.80	0	10	7	2	81	9
Rahmat Shah (AFG)
2021-2026	8	14	1	715	234	55.00	1340	53.35	2	7	3	2	82	5
KAR Hodge (WI)
2024-2025	13	26	1	714	123*	28.56	1477	48.34	2	6	3	4	92	2
JP Greaves (WI)
2024-2025	14	28	4	712	202*	29.66	1372	51.89	2	7	1	2	71	0
KD Petersen (SA)
2021-2024	14	25	0	704	82	28.16	1477	47.66	0	8	4	0	86	0
AR Patel (IND)
2021-2025	15	24	4	688	84	34.40	1297	53.04	0	9	4	1	73	20
AS Joseph (WI)
2020-2025	31	50	2	686	86	14.29	1139	60.22	0	5	2	8	74	25
HDRL Thirimanne (SL)
2021-2022	9	17	0	684	140	40.23	1596	42.85	2	9	4	2	72	0
DW Lawrence (ENG)
2021-2024	14	27	2	671	91	26.84	1206	55.63	0	10	4	5	72	8
T Chanderpaul (WI)
2022-2025	13	25	2	670	207*	29.13	1778	37.68	1	8	2	2	62	6
Hashmatullah Shahidi (AFG)
2021-2026	9	16	3	653	246	50.23	1341	48.69	2	3	1	0	72	1
AR McBrine (IRE)
2023-2026	10	19	4	649	90*	43.26	1165	55.70	0	8	6	1	81	3
NM Lyon (AUS)
2020-2025	46	58	11	626	41	13.31	1103	56.75	0	5	0	5	74	8
M Jansen (SA)
2021-2025	21	32	5	624	93	23.11	1145	54.49	0	7	4	4	77	13
Q de Kock (SA)
2020-2021	10	17	1	617	141*	38.56	973	63.41	1	7	4	2	70	9
MA Agarwal (IND)
2020-2022	12	23	0	616	150	26.78	1242	49.59	1	7	3	1	86	7
Sikandar Raza (ZIM)
2020-2025	10	18	0	616	85	34.22	1059	58.16	0	10	5	0	61	7
Zakir Hasan (BAN)
2022-2024	13	26	1	593	100	23.72	1208	49.08	1	7	4	2	70	5
TG Southee (NZ)
2020-2024	36	52	1	583	73	11.43	787	74.07	0	6	2	12	52	26
KNM Fernando (SL)
2023-2024	10	18	1	571	205	33.58	1030	55.43	1	7	2	1	69	4
BRM Taylor (ZIM)
2020-2025	8	15	0	563	92	37.53	736	76.49	0	8	4	0	81	7
LRPL Taylor (NZ)
2020-2022	14	23	4	553	80	29.10	1074	51.48	0	8	2	0	67	4
Faheem Ashraf (PAK)
2020-2023	13	21	1	549	91	27.45	1071	51.26	0	6	3	2	81	2
Taijul Islam (BAN)
2020-2026	32	54	5	529	47	10.79	1428	37.04	0	3	0	8	53	0
K Rabada (SA)
2020-2025	32	50	10	516	71	12.90	855	60.35	0	5	1	11	54	14
MA Wood (ENG)
2020-2025	25	41	7	514	42	15.11	650	79.07	0	7	0	9	62	18
BJ Bennett (ZIM)
2024-2025	11	19	2	509	139	29.94	712	71.48	2	5	2	3	70	5
SCJ Broad (ENG)
2020-2023	32	45	12	504	62	15.27	693	72.72	0	4	1	4	54	15
JG Bethell (ENG)
2024-2026	7	14	1	496	154	38.15	787	63.02	1	5	3	0	64	5
BJ Curran (ZIM)
2024-2025	8	15	0	495	121	33.00	955	51.83	1	7	1	0	61	1
HT Tector (IRE)
2023-2026	10	20	0	492	85	24.60	1110	44.32	0	8	5	3	51	7
SJ Erwee (SA)
2022-2023	10	19	1	479	108	26.61	1107	43.27	1	5	1	2	56	0
DC Jurel (IND)
2024-2026	10	16	2	478	125	34.14	843	56.70	1	6	1	1	51	10
KA Jamieson (NZ)
2020-2026	20	28	5	476	51*	20.69	815	58.40	0	6	1	3	41	13
KAJ Roach (WI)
2020-2025	32	52	14	473	58*	12.44	1484	31.87	0	3	1	9	57	7
AAP Atkinson (ENG)
2024-2026	17	25	1	471	118	19.62	618	76.21	1	5	0	1	48	13
C Campher (IRE)
2023-2026	10	20	2	466	111	25.88	1115	41.79	1	8	1	5	62	8
Ibrahim Zadran (AFG)
2021-2025	6	12	0	454	114	37.83	846	53.66	1	6	3	2	58	0
AZ Lees (ENG)
2022-2022	10	19	0	453	67	23.84	1052	43.06	0	8	2	0	58	1
BJ Webster (AUS)
2025-2026	8	13	2	452	72	41.09	733	61.66	0	7	5	0	51	1
MJ Henry (NZ)
2020-2026	23	32	2	449	72	14.96	592	75.84	0	4	3	9	58	16
OE Robinson (ENG)
2021-2026	21	35	5	440	58	14.66	770	57.14	0	4	1	7	53	2
A Balbirnie (IRE)
2023-2026	10	20	1	429	95	22.57	873	49.14	0	5	3	2	46	0
PR Stirling (IRE)
2023-2025	7	14	0	417	103	29.78	663	62.89	1	5	2	0	53	7
RTM Mendis (SL)
2021-2025	16	24	1	408	45*	17.73	929	43.91	0	4	0	3	41	2
PS Masvaure (ZIM)
2020-2025	8	15	1	396	74	28.28	1083	36.56	0	5	4	1	44	1
K Nitish Kumar Reddy (IND)
2024-2025	10	16	1	396	114	26.40	691	57.30	1	7	0	2	40	10
Noman Ali (PAK)
2021-2026	22	32	5	391	97	14.48	852	45.89	0	4	1	8	43	10
C de Grandhomme (NZ)
2020-2022	8	12	3	388	120*	43.11	540	71.85	1	5	1	2	42	5
MR Adair (IRE)
2023-2026	7	13	3	386	88	38.60	552	69.92	0	5	2	2	54	4
RW Chakabva (ZIM)
2020-2021	8	15	2	383	80	29.46	877	43.67	0	7	1	1	46	4
B Sai Sudharsan (IND)
2025-2026	7	12	0	383	87	31.91	884	43.32	0	6	3	2	51	0
SSJ Brooks (WI)
2020-2022	10	19	0	379	68	19.94	880	43.06	0	6	2	2	48	3
Sarfaraz Ahmed (PAK)
2022-2023	5	9	1	374	118	46.75	577	64.81	1	4	3	0	41	1
SN Thakur (IND)
2021-2025	12	20	0	373	67	18.65	618	60.35	0	5	4	3	46	9
GH Vihari (IND)
2020-2022	9	16	2	373	58	26.64	1021	36.53	0	5	2	0	48	0
SN Khan (IND)
2024-2024	6	11	1	371	150	37.10	495	74.94	1	4	3	3	44	8
M Louis (WI)
2024-2025	10	20	0	369	97	18.45	897	41.13	0	3	2	1	40	4
NR Welch (ZIM)
2025-2025	8	15	1	368	90	26.28	806	45.65	0	5	3	2	37	6
F du Plessis (SA)
2020-2021	7	12	0	364	199	30.33	725	50.20	1	3	0	0	50	1
Saim Ayub (PAK)
2024-2025	8	14	0	364	77	26.00	657	55.40	0	4	3	1	38	4
BA Carse (ENG)
2024-2026	14	23	3	357	56	17.85	491	72.70	0	5	1	3	32	15
Aamer Jamal (PAK)
2023-2025	8	15	2	352	82	27.07	614	57.32	0	5	2	2	40	6
DJ Malan (ENG)
2021-2022	7	13	0	350	82	26.92	860	40.69	0	4	3	1	49	0
MJ Santner (NZ)
2020-2025	10	15	2	344	76	26.46	551	62.43	0	5	2	1	33	15
MG Bracewell (NZ)
2022-2025	10	17	1	339	74*	21.18	594	57.07	0	3	1	1	44	2
Jaker Ali (BAN)
2024-2025	6	11	0	337	91	30.63	595	56.63	0	5	4	0	36	6
BA King (WI)
2025-2025	6	12	0	332	75	27.66	550	60.36	0	4	3	2	53	4
JJ Bumrah (IND)
2020-2025	40	61	17	330	34*	7.50	722	45.70	0	2	0	23	37	11
Nurul Hasan (BAN)
2021-2023	8	15	1	325	64	23.21	508	63.97	0	5	2	2	46	3
N Wagner (NZ)
2020-2024	18	24	8	321	66*	20.06	449	71.49	0	3	1	6	36	15
MM Ali (ENG)
2021-2023	8	14	0	312	54	22.28	531	58.75	0	4	1	1	38	9
Kamran Ghulam (PAK)
2024-2025	6	11	0	312	118	28.36	552	56.52	1	2	1	0	39	2
DT Tiripano (ZIM)
2020-2023	9	17	4	304	95	23.38	862	35.26	0	3	2	3	42	0
S Joseph (WI)
2024-2025	11	22	3	299	44	15.73	335	89.25	0	3	0	2	33	13
Mohammed Shami (IND)
2020-2023	17	29	8	297	56*	14.14	404	73.51	0	2	1	5	37	7
Sajid Khan (PAK)
2021-2026	15	22	2	291	48*	14.55	459	63.39	0	2	0	2	31	10
S Muthusamy (SA)
2023-2025	6	7	2	290	109	58.00	533	54.40	1	3	2	0	24	4
MJ Leach (ENG)
2021-2024	29	41	16	278	41*	11.12	780	35.64	0	1	0	5	32	2
B Muzarabani (ZIM)
2021-2025	17	30	8	274	47	12.45	539	50.83	0	3	0	5	35	6
G Motie (WI)
2022-2025	11	17	5	265	55	22.08	418	63.39	0	3	1	2	34	1
T Kaitano (ZIM)
2021-2025	6	12	0	258	87	21.50	818	31.54	0	3	1	3	27	2
NGRP Jayasuriya (SL)
2022-2025	22	34	2	255	28*	7.96	772	33.03	0	0	0	6	27	0
Hasan Ali (PAK)
2021-2026	18	29	3	252	30	9.69	425	59.29	0	1	0	5	20	12
KT Kasuza (ZIM)
2020-2021	7	12	1	249	63	22.63	742	33.55	0	4	1	2	24	2
RA Reifer (WI)
2022-2023	7	12	0	246	62	20.50	537	45.81	0	3	3	1	31	1
C Bosch (SA)
2024-2025	4	6	2	245	100*	61.25	319	76.80	1	3	1	1	31	1
Taskin Ahmed (BAN)
2021-2026	14	23	5	245	75	13.61	449	54.56	0	2	1	2	30	3
W Madhevere (ZIM)
2021-2025	8	15	1	244	84	17.42	495	49.29	0	2	1	6	25	2
MDKJ Perera (SL)
2020-2021	4	8	0	243	64	30.37	366	66.39	0	3	3	0	33	1
RRS Cornwall (WI)
2020-2023	8	14	3	241	73	21.90	391	61.63	0	3	2	1	33	4
TD Paine (AUS)
2020-2021	5	8	2	239	73*	39.83	441	54.19	0	4	2	0	30	0
Afsar Zazai (AFG)
2021-2026	7	10	0	235	113	23.50	399	58.89	1	3	0	1	22	3
KU Carty (WI)
2024-2025	7	14	0	235	42	16.78	513	45.80	0	3	0	2	23	1
JNT Seales (WI)
2021-2025	26	45	18	235	32	8.70	572	41.08	0	1	0	9	17	10
LG Pretorius (SA)
2025-2025	2	3	0	235	153	78.33	253	92.88	1	2	1	0	18	7
WG Jacks (ENG)
2022-2026	6	11	0	234	47	21.27	453	51.65	0	4	0	1	17	6
Shaheen Shah Afridi (PAK)
2020-2026	27	36	8	230	29*	8.21	546	42.12	0	0	0	10	29	4
MS Harris (AUS)
2021-2022	5	9	1	222	76	27.75	585	37.94	0	3	1	0	26	0
KS Bharat (IND)
2023-2024	7	12	1	221	44	20.09	417	52.99	0	2	0	0	19	6
H Hameed (ENG)
2021-2022	7	13	0	220	68	16.92	731	30.09	0	2	2	4	27	0
Yasir Shah (PAK)
2020-2022	10	15	1	216	38*	15.42	443	48.75	0	2	0	2	25	3
SR Harmer (SA)
2022-2025	9	14	3	215	47	19.54	564	38.12	0	2	0	0	18	1
DM Bess (ENG)
2020-2021	12	16	5	208	34	18.90	495	42.02	0	4	0	3	23	2
JA Warrican (WI)
2021-2025	15	27	5	207	36*	9.40	375	55.20	0	3	0	6	18	6
TE Tsiga (ZIM)
2023-2025	9	17	3	206	33*	14.71	568	36.26	0	2	0	3	26	0
SM Curran (ENG)
2020-2021	10	13	1	205	44	17.08	305	67.21	0	3	0	4	27	4
KK Nair (IND)
2025-2025	4	8	0	205	57	25.62	390	52.56	0	3	1	1	29	0
Yasir Ali (BAN)
2021-2022	6	11	1	205	55	20.50	444	46.17	0	3	1	1	26	0
KSA McKenzie (WI)
2023-2024	6	12	0	203	50	16.91	347	58.50	0	3	1	2	30	2
PJ Moor (IRE)
2023-2025	7	14	0	201	79	14.35	384	52.34	0	2	1	3	29	2
J Weatherald (AUS)
2025-2026	5	10	1	201	72	22.33	288	69.79	0	2	1	1	31	1
PW Hasaranga (SL)
2020-2021	4	7	0	196	59	28.00	227	86.34	0	2	1	0	29	1
MS Wade (AUS)
2020-2021	5	9	0	195	45	21.66	429	45.45	0	4	0	1	23	1
Asghar Afghan (AFG)
2021-2021	2	3	0	191	164	63.66	308	62.01	1	1	0	0	18	2
RMMP Rathnayake (SL)
2024-2025	5	6	0	190	72	31.66	324	58.64	0	3	1	0	22	3
Shahadat Hossain (3) (BAN)
2023-2024	6	12	0	190	31	15.83	493	38.53	0	1	0	1	23	0
TW Hartley (ENG)
2024-2024	5	10	0	185	36	18.50	284	65.14	0	2	0	0	23	6
JP Inglis (AUS)
2025-2025	5	7	0	184	102	26.28	228	80.70	1	2	0	1	18	1
Kuldeep Yadav (IND)
2021-2026	12	16	3	183	40	14.07	756	24.20	0	2	0	2	17	1
S Samarawickrama (SL)
2023-2024	5	6	1	183	104*	36.60	230	79.56	1	2	0	1	23	1
Imran Butt (PAK)
2021-2021	6	10	0	178	91	17.80	453	39.29	0	2	1	2	20	0
JL Denly (ENG)
2020-2020	4	7	0	176	38	25.14	519	33.91	0	2	0	0	23	0
Mohammed Siraj (IND)
2020-2026	46	62	26	176	22	4.88	465	37.84	0	0	0	16	20	3
Mahmudullah (BAN)
2020-2021	2	3	1	175	150*	87.50	327	53.51	1	1	0	1	21	1
D Myers (ZIM)
2021-2025	5	10	0	174	57	17.40	429	40.55	0	1	1	0	15	3
BJ Watling (NZ)
2020-2021	8	11	1	174	73	17.40	441	39.45	0	2	1	1	20	0
JM Anderson (ENG)
2020-2024	38	54	25	172	12	5.93	462	37.22	0	0	0	8	24	0
I Kaia (ZIM)
2023-2023	2	4	0	172	67	43.00	287	59.93	0	3	1	0	23	0
JC Archer (ENG)
2020-2025	11	17	4	171	51	13.15	318	53.77	0	2	1	3	18	3
AY Patel (NZ)
2020-2025	15	23	11	170	35	14.16	426	39.90	0	2	0	0	19	5
TA Imlach (WI)
2025-2025	6	12	1	169	35	15.36	476	35.50	0	1	0	1	15	2
Shoriful Islam (BAN)
2021-2026	13	21	5	168	26	10.50	245	68.57	0	0	0	3	20	4
Nayeem Hasan (BAN)
2020-2025	10	16	3	165	25	12.69	403	40.94	0	0	0	1	14	0
Akash Deep (IND)
2024-2025	10	15	1	163	66	11.64	303	53.79	0	2	1	3	20	6
JR Hazlewood (AUS)
2020-2025	25	34	18	163	22	10.18	373	43.69	0	0	0	2	26	0
SJ Konstas (AUS)
2024-2025	5	10	0	163	60	16.30	289	56.40	0	1	1	2	19	2
NG Smith (NZ)
2024-2026	6	9	1	161	42	20.12	294	54.76	0	1	0	0	17	3
Zubayr Hamza (SA)
2020-2024	5	10	0	161	36	16.10	495	32.52	0	1	0	0	21	0
Saif Hassan (BAN)
2020-2021	6	11	0	159	43	14.45	307	51.79	0	2	0	3	27	2
Hasan Mahmud (BAN)
2024-2025	13	21	9	158	38*	13.16	400	39.50	0	1	0	2	17	4
PJ Malan (SA)
2020-2020	3	6	0	156	84	26.00	530	29.43	0	1	1	0	11	0
GS Ballance (ZIM)
2023-2023	1	2	1	155	137*	155.00	294	52.72	1	1	0	0	12	2
Azan Awais (PAK)
2026-2026	2	4	0	152	103	38.00	281	54.09	1	1	0	0	20	0
MVT Fernando (SL)
2020-2025	21	29	11	145	38	8.05	498	29.11	0	1	0	8	16	1
PSP Handscomb (AUS)
2023-2023	4	6	1	145	72*	29.00	360	40.27	0	2	1	1	18	0
J Neill (IRE)
2025-2025	2	4	0	145	49	36.25	242	59.91	0	4	0	0	24	2
TA Boult (NZ)
2020-2022	13	14	8	144	38	24.00	141	102.12	0	1	0	0	23	2
Nasir Jamal (AFG)
2021-2024	4	8	3	143	55*	28.60	263	54.37	0	3	1	2	15	1
Abdullah Fazal (PAK)
2026-2026	2	4	0	141	66	35.25	282	50.00	0	2	2	0	20	1
L Embuldeniya (SL)
2020-2022	12	20	1	140	40	7.36	443	31.60	0	2	0	6	10	6
D Brevis (SA)
2025-2025	4	6	0	138	54	23.00	144	95.83	0	3	2	2	13	6
WP Masakadza (ZIM)
2023-2025	6	12	2	138	57	13.80	435	31.72	0	1	1	0	15	3
Naseem Shah (PAK)
2020-2024	17	24	6	136	33	7.55	442	30.76	0	1	0	5	14	8
R Ngarava (ZIM)
2021-2025	11	18	4	136	28*	9.71	299	45.48	0	0	0	4	15	2
A Nortje (SA)
2020-2023	16	27	6	135	28*	6.42	424	31.83	0	0	0	8	20	0
Asad Shafiq (PAK)
2020-2020	4	6	0	132	65	22.00	274	48.17	0	1	1	0	14	0
A Phillip (WI)
2022-2025	6	11	3	132	43	16.50	423	31.20	0	1	0	1	16	1
MG Neser (AUS)
2021-2026	5	7	0	131	35	18.71	257	50.97	0	2	0	1	19	1
RAS Lakmal (SL)
2020-2022	11	16	2	130	27	9.28	278	46.76	0	0	0	3	8	5
J Gumbie (ZIM)
2024-2025	3	6	0	129	49	21.50	305	42.29	0	1	0	0	18	0
TK Musakanda (ZIM)
2021-2021	4	7	0	128	43	18.28	323	39.62	0	2	0	1	12	2
SO Dowrich (WI)
2020-2020	4	6	0	126	61	21.00	236	53.38	0	2	1	2	15	0
JA McCollum (IRE)
2023-2023	4	8	1	126	36	18.00	326	38.65	0	2	0	1	17	0
SM Boland (AUS)
2021-2026	19	24	9	125	21*	8.33	393	31.80	0	0	0	6	16	0
Ismat Alam (AFG)
2025-2025	2	4	0	125	101	31.25	225	55.55	1	1	0	1	12	0
T Murphy (AUS)
2023-2025	7	10	1	122	41	13.55	205	59.51	0	2	0	3	15	3
JA Burns (AUS)
2020-2020	3	6	1	121	51*	24.20	242	50.00	0	2	1	1	13	3
UT Yadav (IND)
2020-2023	12	18	5	121	25	9.30	217	55.76	0	0	0	4	10	7
K Zondo (SA)
2022-2023	5	7	1	120	39	20.00	316	37.97	0	2	0	1	12	3
ST Doheny (IRE)
2025-2026	2	4	0	118	57	29.50	248	47.58	0	2	1	1	13	1
K Sinclair (WI)
2024-2025	4	8	1	118	50	16.85	292	40.41	0	1	1	1	12	1
Noor Ali Zadran (AFG)
2024-2024	2	4	0	117	47	29.25	281	41.63	0	3	0	0	14	0
WP Saha (IND)
2020-2021	3	6	1	115	61*	23.00	253	45.45	0	1	1	0	10	2
IS Sodhi (NZ)
2022-2024	4	6	0	113	65	18.83	343	32.94	0	1	1	1	17	0
Abdul Malik (1) (AFG)
2021-2026	6	10	0	111	30	11.10	197	56.34	0	1	0	2	10	0
CAK Rajitha (SL)
2020-2024	11	15	3	111	22	9.25	400	27.75	0	0	0	4	14	0
MD Shanaka (SL)
2020-2021	3	6	1	111	66*	22.20	216	51.38	0	1	1	0	7	5
M Shumba (ZIM)
2021-2023	4	8	0	111	41	13.87	291	38.14	0	1	0	0	18	0
Rahmanullah Gurbaz (AFG)
2024-2026	3	5	0	109	46	21.80	211	51.65	0	2	0	0	8	3
C Carmichael (IRE)
2025-2026	3	6	0	106	59	17.66	234	45.29	0	1	1	1	11	0
J Overton (ENG)
2022-2025	2	3	0	106	97	35.33	157	67.51	0	1	1	1	15	2
Shoaib Bashir (ENG)
2024-2026	20	30	16	106	14	7.57	271	39.11	0	0	0	6	13	1
Mohammad Mithun (BAN)
2020-2021	3	5	0	105	63	21.00	273	38.46	0	1	1	1	12	2
MJ Potts (ENG)
2022-2026	11	15	5	105	21	10.50	227	46.25	0	0	0	2	15	1
Rehan Ahmed (ENG)
2022-2024	5	10	0	103	28	10.30	182	56.59	0	0	0	1	14	0
Haris Sohail (PAK)
2020-2021	3	5	0	103	75	20.60	220	46.81	0	1	1	0	9	2
KOA Powell (WI)
2021-2021	4	7	0	102	51	14.57	222	45.94	0	1	1	1	17	0
PP Shaw (IND)
2020-2020	3	6	0	102	54	17.00	142	71.83	0	1	1	1	14	1
D Paterson (SA)
2020-2024	7	11	3	101	39*	12.62	110	91.81	0	1	0	1	15	3
R de Swardt (SA)
2024-2024	2	4	1	99	64	33.00	220	45.00	0	2	1	1	13	0
D Foxcroft (NZ)
2026-2026	1	1	0	98	98	98.00	129	75.96	0	1	1	0	6	1
Karim Janat (AFG)
2023-2024	2	4	1	95	41*	31.66	182	52.19	0	1	0	0	9	2
MDK Perera (SL)
2021-2021	2	4	0	95	67	23.75	223	42.60	0	1	1	1	13	1
Mohammad Nawaz (3) (PAK)
2022-2022	3	6	1	94	45	18.80	189	49.73	0	1	0	0	11	0
Khurram Shahzad (PAK)
2023-2026	7	13	2	93	18	8.45	240	38.75	0	0	0	4	12	1
H Klaasen (SA)
2023-2023	3	6	0	93	35	15.50	196	47.44	0	1	0	0	10	0
SC Kuggeleijn (NZ)
2023-2024	3	6	0	92	44	15.33	122	75.40	0	1	0	2	11	3
D Padikkal (IND)
2024-2024	2	3	0	90	65	30.00	197	45.68	0	1	1	1	12	1
Anamul Haque (BAN)
2022-2025	4	7	0	89	39	12.71	179	49.72	0	1	0	2	12	1
KIC Asalanka (SL)
2021-2022	3	6	0	88	29	14.66	171	51.46	0	0	0	0	11	3
CBRLS Kumara (SL)
2020-2025	15	23	8	86	13*	5.73	302	28.47	0	0	0	7	13	0
DL Piedt (SA)
2024-2024	3	5	2	83	38*	27.66	181	45.85	0	2	0	0	7	1
OP Stone (ENG)
2021-2024	4	8	1	83	20	11.85	205	40.48	0	0	0	1	8	1
Ebadot Hossain (BAN)
2020-2026	19	29	16	82	21*	6.30	259	31.66	0	0	0	8	11	2
L Ngidi (SA)
2020-2025	15	22	7	82	19	5.46	189	43.38	0	0	0	6	11	1
I Sharma (IND)
2020-2021	9	15	4	82	16	7.45	212	38.67	0	0	0	3	9	1
VD Philander (SA)
2020-2020	3	6	1	79	27	15.80	231	34.19	0	0	0	0	12	0
JA Duffy (NZ)
2025-2025	4	5	1	78	36	19.50	104	75.00	0	1	0	0	14	0
LU Igalagamage (SL)
2025-2025	2	3	0	78	40	26.00	112	69.64	0	1	0	0	12	0
Ishan Kishan (IND)
2023-2023	2	3	2	78	52*	78.00	91	85.71	0	1	1	0	8	2
VM Nyauchi (ZIM)
2020-2025	11	16	6	77	13*	7.70	205	37.56	0	0	0	3	10	0
TL Chivanga (ZIM)
2023-2025	8	15	4	76	22	6.90	233	32.61	0	0	0	2	8	3
B Mavuta (ZIM)
2023-2024	3	4	0	73	56	18.25	177	41.24	0	1	1	1	11	0
BJ McCarthy (IRE)
2024-2025	4	6	0	73	31	12.16	161	45.34	0	1	0	1	6	1
NA McSweeney (AUS)
2024-2024	3	6	1	72	39	14.40	212	33.96	0	1	0	1	11	0
WJ Pucovski (AUS)
2021-2021	1	2	0	72	62	36.00	126	57.14	0	1	1	0	6	0
GF Linde (SA)
2021-2021	2	4	0	71	35	17.75	119	59.66	0	1	0	0	11	1
JDF Vandersay (SL)
2022-2025	2	4	0	71	53	17.75	77	92.20	0	1	1	0	10	2
Zafar Gohar (PAK)
2021-2021	1	2	0	71	37	35.50	126	56.34	0	2	0	0	13	0
Abrar Ahmed (PAK)
2022-2025	10	15	7	68	17	8.50	120	56.66	0	0	0	1	8	3
G Coetzee (SA)
2023-2024	4	6	1	67	20	13.40	76	88.15	0	0	0	0	7	2
MJ Humphreys (IRE)
2023-2025	5	9	3	67	27*	11.16	152	44.07	0	0	0	2	9	2
SW Billings (ENG)
2022-2022	3	3	0	66	36	22.00	114	57.89	0	1	0	0	10	0
N Brand (SA)
2024-2024	2	4	0	66	34	16.50	129	51.16	0	1	0	0	11	0
EN Gay (ENG)
2026-2026	1	2	0	65	57	32.50	109	59.63	0	1	1	0	10	0
R van Tonder (SA)
2024-2024	2	4	0	64	32	16.00	169	37.86	0	2	0	1	5	0
RM Patidar (IND)
2024-2024	3	6	0	63	32	10.50	164	38.41	0	1	0	2	9	0
Shahidullah (AFG)
2021-2025	3	4	1	63	29*	21.00	118	53.38	0	0	0	1	8	0
JC Tongue (ENG)
2023-2026	10	14	4	63	19	6.30	174	36.20	0	0	0	3	7	0
NP Mayavo (ZIM)
2025-2025	2	4	0	62	35	15.50	111	55.85	0	1	0	0	9	1
MJ Hay (NZ)
2025-2025	1	1	0	61	61	61.00	93	65.59	0	1	1	0	9	1
Shadab Khan (PAK)
2020-2020	1	2	0	60	45	30.00	98	61.22	0	1	0	0	5	0
R Kaia (ZIM)
2021-2021	3	6	0	59	48	9.83	161	36.64	0	1	0	4	8	0
M Theekshana (SL)
2022-2022	2	3	0	59	38	19.66	149	39.59	0	1	0	0	6	1
AM Fernando (SL)
2021-2025	24	34	16	58	11	3.22	222	26.12	0	0	0	11	10	1
C Overton (ENG)
2021-2022	4	6	0	58	32	9.66	111	52.25	0	1	0	1	8	0
LM Jongwe (ZIM)
2021-2021	1	2	0	56	37	28.00	94	59.57	0	1	0	0	10	0
Mohammad Wasim (1) (PAK)
2022-2022	2	4	1	55	43	18.33	74	74.32	0	1	0	0	5	2
NT Nyamhuri (ZIM)
2024-2025	4	7	0	55	26	7.85	116	47.41	0	0	0	2	5	1
S Mahmood (ENG)
2022-2022	2	2	1	52	49	52.00	124	41.93	0	1	0	0	4	1
Bahir Shah (AFG)
2023-2025	2	3	0	51	32	17.00	76	67.10	0	1	0	0	8	0
CJ Chibhabha (ZIM)
2023-2023	2	4	0	51	31	12.75	109	46.78	0	1	0	0	7	0
Khaled Ahmed (BAN)
2021-2025	15	27	8	51	22	2.68	159	32.07	0	0	0	13	5	3
WER Somerville (NZ)
2020-2021	3	6	0	50	36	8.33	210	23.80	0	1	0	2	6	0
Amir Hamza (AFG)
2021-2023	3	4	2	48	21*	24.00	118	40.67	0	0	0	0	6	1
T Maruma (ZIM)
2020-2021	3	5	0	48	41	9.60	121	39.66	0	1	0	3	6	0
Rashid Khan (AFG)
2021-2025	2	2	0	48	25	24.00	47	102.12	0	0	0	0	7	0
Mir Hamza (PAK)
2022-2025	6	12	4	47	16	5.87	160	29.37	0	0	0	3	3	2
V Permaul (WI)
2021-2022	3	4	1	47	26*	15.66	152	30.92	0	0	0	0	4	0
K Pierre (WI)
2025-2025	2	4	1	47	23	15.66	110	42.72	0	0	0	1	7	0
Muhammad Hurraira (PAK)
2025-2025	2	4	0	46	29	11.50	95	48.42	0	0	0	0	4	0
Yamin Ahmadzai (AFG)
2021-2025	4	8	2	46	19	7.66	123	37.39	0	0	0	2	5	2
T Makoni (ZIM)
2023-2023	2	4	0	43	33	10.75	123	34.95	0	1	0	1	6	0
D Pretorius (SA)
2020-2020	2	4	0	43	37	10.75	111	38.73	0	1	0	1	8	0
JA Raval (NZ)
2020-2020	1	2	0	43	31	21.50	75	57.33	0	1	0	0	5	0
TD Astle (NZ)
2020-2020	1	2	1	42	25*	42.00	81	51.85	0	0	0	0	6	0
B Evans (ZIM)
2023-2025	2	3	1	42	35*	21.00	64	65.62	0	1	0	1	5	1
Zia-ur-Rehman (AFG)
2024-2025	4	7	1	42	13	7.00	106	39.62	0	0	0	1	6	0
G Hoey (IRE)
2025-2025	1	2	0	41	37	20.50	114	35.96	0	1	0	0	4	0
CT Mutombodzi (ZIM)
2020-2020	1	2	0	41	33	20.50	121	33.88	0	1	0	0	4	0
Naveed Zadran (AFG)
2024-2024	3	5	1	41	25	10.25	116	35.34	0	0	0	1	6	0
Tanzim Hasan Sakib (BAN)
2025-2025	1	1	0	41	41	41.00	80	51.25	0	1	0	0	2	1
TB de Bruyn (SA)
2022-2022	1	2	0	40	28	20.00	99	40.40	0	0	0	0	4	0
D Olivier (SA)
2022-2024	6	9	5	40	15*	10.00	173	23.12	0	0	0	1	6	1
S von Berg (SA)
2024-2024	1	2	0	40	38	20.00	111	36.03	0	1	0	0	7	0
ZG Foulkes (NZ)
2025-2026	5	5	3	39	23*	19.50	99	39.39	0	0	0	0	5	0
V Masekesa (ZIM)
2025-2025	4	8	1	38	11*	5.42	167	22.75	0	0	0	0	3	0
Mohammad Abbas (PAK)
2020-2026	12	20	12	38	10*	4.75	261	14.55	0	0	0	3	4	0
J Campbell (ZIM)
2025-2025	1	2	0	37	33	18.50	65	56.92	0	1	0	0	4	0
GI Hume (IRE)
2023-2023	3	6	1	36	14	7.20	138	26.08	0	0	0	1	6	0
PVD Chameera (SL)
2021-2021	4	6	0	35	22	5.83	93	37.63	0	0	0	1	4	0
Codi Yusuf (SA)
2025-2025	2	2	1	35	27	35.00	66	53.03	0	0	0	0	6	0
GH Dockrell (IRE)
2023-2023	1	2	0	34	32	17.00	78	43.58	0	1	0	0	6	0
JD Unadkat (IND)
2022-2023	3	3	1	34	14*	17.00	74	45.94	0	0	0	0	2	1
N Burger (SA)
2023-2024	3	5	1	33	23	8.25	113	29.20	0	0	0	2	4	0
DM Bravo (WI)
2020-2020	2	4	0	32	12	8.00	87	36.78	0	0	0	0	5	0
DC Thomas (WI)
2022-2022	1	2	0	31	19	15.50	93	33.33	0	0	0	0	3	0
AA Jangoo (WI)
2025-2025	1	2	0	30	30	15.00	56	53.57	0	1	0	1	3	0
Tanzid Hasan (BAN)
2026-2026	1	2	0	30	26	15.00	41	73.17	0	0	0	0	4	0
ST Gabriel (WI)
2020-2023	14	22	10	29	8	2.41	126	23.01	0	0	0	6	3	1
Mahidul Islam Ankon (BAN)
2024-2024	1	2	0	29	29	14.50	66	43.93	0	0	0	1	1	2
DN Wellalage (SL)
2022-2022	1	2	0	29	18	14.50	47	61.70	0	0	0	0	3	0
S Moseley (WI)
2021-2021	2	4	0	28	12	7.00	105	26.66	0	0	0	0	3	0
MJ Suthar (IND)
2026-2026	1	1	0	28	28	28.00	41	68.29	0	0	0	0	2	2
MJ Swepson (AUS)
2022-2022	4	5	1	28	15*	7.00	54	51.85	0	0	0	1	3	0
Hasan Murad (BAN)
2025-2025	2	2	0	27	16	13.50	48	56.25	0	0	0	0	5	0
LA Dawson (ENG)
2025-2025	1	1	0	26	26	26.00	65	40.00	0	0	0	0	3	0
LB Williams (SA)
2022-2022	2	3	0	25	13	8.33	71	35.21	0	0	0	1	4	0
Mohammad Naim (BAN)
2022-2022	1	2	0	24	24	12.00	103	23.30	0	0	0	1	1	0
JA Richardson (AUS)
2021-2025	2	4	1	24	9	8.00	18	133.33	0	0	0	0	1	2
C Fortuin (SA)
2024-2024	2	4	0	23	11	5.75	96	23.95	0	0	0	1	3	0
T Gwandu (ZIM)
2024-2025	3	5	1	23	18*	5.75	112	20.53	0	0	0	2	1	0
EM Moore (SA)
2024-2024	1	2	0	23	23	11.50	58	39.65	0	0	0	1	4	0
Riaz Hassan (AFG)
2025-2025	1	2	0	23	12	11.50	53	43.39	0	0	0	0	3	0
Ikram Alikhil (AFG)
2024-2024	1	2	0	22	21	11.00	56	39.28	0	0	0	0	3	0
Qais Ahmad (AFG)
2024-2024	1	2	0	22	21	11.00	47	46.80	0	0	0	0	1	1
CK Holder (WI)
2020-2020	1	2	2	21	13*	-	37	56.75	0	0	0	0	3	0
Nahid Rana (BAN)
2024-2026	12	19	11	21	11	2.62	120	17.50	0	0	0	7	3	0
B Doggett (AUS)
2025-2025	2	2	1	20	13	20.00	51	39.21	0	0	0	0	1	0
Sediqullah Atal (AFG)
2024-2026	2	2	0	20	17	10.00	33	60.60	0	0	0	0	3	0
J Yadav (IND)
2021-2022	2	3	0	20	12	6.66	60	33.33	0	0	0	0	2	1
Zahid Mahmood (PAK)
2022-2024	4	7	2	20	17	4.00	110	18.18	0	0	0	3	2	1
Fareed Ahmad (AFG)
2025-2025	1	2	1	19	17	19.00	25	76.00	0	0	0	0	1	1
W O'Rourke (NZ)
2024-2026	12	21	13	19	5*	2.37	220	8.63	0	0	0	6	1	0
TS Chisoro (ZIM)
2021-2021	2	4	0	18	9	4.50	47	38.29	0	0	0	1	4	0
MP Kuhnemann (AUS)
2023-2025	5	6	2	18	6	4.50	67	26.86	0	0	0	1	2	0
KT Maphaka (SA)
2025-2025	2	3	1	17	9*	8.50	28	60.71	0	0	0	1	0	2
CA Young (IRE)
2024-2025	4	6	3	17	6*	5.66	44	38.63	0	0	0	0	0	1
C Gunasekara (SL)
2024-2024	1	1	1	16	16*	-	27	59.25	0	0	0	0	2	0
LS Livingstone (ENG)
2022-2022	1	2	1	16	9	16.00	18	88.88	0	0	0	0	0	1
BS Mudzinganyama (ZIM)
2020-2020	1	1	0	16	16	16.00	62	25.80	0	0	0	0	2	0
Nijat Masood (AFG)
2023-2024	3	6	1	16	12	3.20	67	23.88	0	0	0	4	2	1
J Layne (WI)
2025-2025	2	3	0	15	14	5.00	22	68.18	0	0	0	1	3	0
TL Moreki (SA)
2024-2024	2	4	2	15	6	7.50	68	22.05	0	0	0	0	3	0
L Sipamla (SA)
2020-2022	3	4	1	15	10*	5.00	53	28.30	0	0	0	2	2	0
MP Breetzke (SA)
2024-2025	2	3	0	14	13	4.66	55	25.45	0	0	0	1	1	0
Iftikhar Ahmed (PAK)
2022-2022	1	1	1	13	13*	-	21	61.90	0	0	0	0	1	0
Munir Ahmad (AFG)
2021-2021	1	2	0	13	12	6.50	33	39.39	0	0	0	0	2	0
MD Rae (NZ)
2025-2025	2	1	0	13	13	13.00	11	118.18	0	0	0	0	1	0
Soumya Sarkar (BAN)
2021-2021	1	2	0	13	13	6.50	38	34.21	0	0	0	1	1	0
BM Tickner (NZ)
2023-2026	5	3	2	13	8	13.00	58	22.41	0	0	0	0	2	0
Abdul Wasi (AFG)
2021-2021	1	2	0	12	9	6.00	70	17.14	0	0	0	0	1	0
Abu Jayed (BAN)
2020-2021	6	8	2	12	8	2.00	67	17.91	0	0	0	3	2	0
Haris Rauf (PAK)
2022-2022	1	2	0	12	12	6.00	34	35.29	0	0	0	1	0	0
P Jayawickrama (SL)
2021-2022	5	6	5	12	8*	12.00	32	37.50	0	0	0	1	1	0
L McCarthy (IRE)
2026-2026	1	2	0	12	11	6.00	24	50.00	0	0	0	0	2	0
P Subrayen (SA)
2025-2025	2	2	0	12	8	6.00	19	63.15	0	0	0	0	1	0
GS Dinusha (SL)
2025-2025	1	1	0	11	11	11.00	16	68.75	0	0	0	0	1	0
MJ Mindley (WI)
2022-2022	1	2	1	11	11*	11.00	37	29.72	0	0	0	1	1	1
CT Mumba (ZIM)
2020-2020	1	1	1	11	11*	-	19	57.89	0	0	0	0	2	0
GA Stuurman (SA)
2022-2022	2	2	0	11	11	5.50	31	35.48	0	0	0	1	2	0
C Madande (ZIM)
2024-2024	1	2	0	10	10	5.00	31	32.25	0	0	0	1	1	0
Mustafizur Rahman (BAN)
2021-2022	2	3	1	10	7	5.00	24	41.66	0	0	0	1	0	1
M Prasidh Krishna (IND)
2023-2026	7	10	5	10	5*	2.00	65	15.38	0	0	0	3	0	0
KTH Ratnayake (SL)
2025-2025	2	2	0	10	10	5.00	27	37.03	0	0	0	1	0	1
BE Hendricks (SA)
2020-2020	1	2	1	9	5*	9.00	18	50.00	0	0	0	0	1	0
J Hull (ENG)
2024-2024	1	2	1	9	7*	9.00	16	56.25	0	0	0	0	0	1
Mosaddek Hossain (BAN)
2022-2022	1	2	0	9	9	4.50	25	36.00	0	0	0	1	1	0
A Ndlovu (ZIM)
2020-2020	2	4	0	9	5	2.25	40	22.50	0	0	0	2	2	0
KN Peiris (SL)
2024-2025	3	4	1	9	5	3.00	40	22.50	0	0	0	2	1	0
MT Renshaw (AUS)
2023-2023	3	4	1	9	5*	3.00	27	33.33	0	0	0	1	1	0
Sharafuddin Ashraf (AFG)
2025-2026	2	2	0	9	9	4.50	20	45.00	0	0	0	1	2	0
O Shields (WI)
2025-2025	2	3	0	9	9	3.00	13	69.23	0	0	0	2	2	0
JR Bracey (ENG)
2021-2021	2	3	0	8	8	2.66	27	29.62	0	0	0	2	1	0
RP Burl (ZIM)
2021-2021	2	3	0	8	8	2.66	31	25.80	0	0	0	2	0	0
F Hand (IRE)
2023-2023	1	2	0	8	7	4.00	41	19.51	0	0	0	0	0	0
Javed Ahmadi (AFG)
2021-2021	1	2	0	8	4	4.00	9	88.88	0	0	0	0	2	0
Khalil Gurbaz (AFG)
2025-2025	1	2	0	8	6	4.00	20	40.00	0	0	0	0	1	0
T Mayes (IRE)
2026-2026	1	2	0	8	5	4.00	37	21.62	0	0	0	0	1	0
MW Parkinson (ENG)
2022-2022	1	1	0	8	8	8.00	8	100.00	0	0	0	0	1	0
NA Saini (IND)
2021-2021	2	3	1	8	5	4.00	27	29.62	0	0	0	0	1	0
SA Yadav (IND)
2023-2023	1	1	0	8	8	8.00	20	40.00	0	0	0	0	1	0
Zahir Khan (AFG)
2021-2024	4	7	3	8	4*	2.00	45	17.77	0	0	0	4	2	0
Harshit Rana (IND)
2024-2024	2	3	0	7	7	2.33	20	35.00	0	0	0	2	1	0
M Bhanuka (SL)
2021-2021	1	2	0	6	5	3.00	17	35.29	0	0	0	0	1	0
M Commins (IRE)
2023-2023	2	4	0	6	5	1.50	26	23.07	0	0	0	2	1	0
AM Ghazanfar (AFG)
2024-2024	1	1	0	6	6	6.00	4	150.00	0	0	0	0	0	1
Rubel Hossain (BAN)
2020-2020	1	2	0	6	5	3.00	35	17.14	0	0	0	0	1	0
Asif Afridi (PAK)
2025-2025	1	2	1	4	4	4.00	5	80.00	0	0	0	0	1	0
TL Chatara (ZIM)
2024-2024	1	2	1	4	4*	4.00	16	25.00	0	0	0	1	1	0
CPL Connolly (AUS)
2025-2025	1	1	0	4	4	4.00	6	66.66	0	0	0	0	1	0
R Wilson (IRE)
2026-2026	1	2	0	4	4	2.00	16	25.00	0	0	0	1	1	0
KA Anderson (WI)
2025-2025	1	2	0	3	3	1.50	18	16.66	0	0	0	1	0	0
L Senokwane (SA)
2025-2025	1	1	0	3	3	3.00	36	8.33	0	0	0	0	0	0
CK Tshuma (ZIM)
2020-2020	1	2	0	3	3	1.50	30	10.00	0	0	0	1	0	0
KM Jarvis (ZIM)
2020-2020	1	2	0	2	1	1.00	20	10.00	0	0	0	0	0	0
Mohammad Ali (PAK)
2022-2024	4	7	2	2	2	0.40	66	3.03	0	0	0	4	0	0
Mohammad Saleem (AFG)
2024-2026	2	2	0	2	2	1.00	11	18.18	0	0	0	1	0	0
JL Pattinson (AUS)
2020-2020	1	1	0	2	2	2.00	20	10.00	0	0	0	0	0	0
Kashif Ali (PAK)
2025-2025	1	2	0	1	1	0.50	12	8.33	0	0	0	1	0	0
T Natarajan (IND)
2021-2021	1	1	1	1	1*	-	9	11.11	0	0	0	0	0	0
TF van Woerkom (IRE)
2024-2024	1	1	0	1	1	1.00	9	11.11	0	0	0	0	0	0
B White (IRE)
2023-2023	3	6	4	1	1	0.50	30	3.33	0	0	0	1	0	0
Azmatullah Omarzai (AFG)
2024-2026	2	1	0	0	0	0.00	1	0.00	0	0	0	1	0	0
MD Fisher (ENG)
2022-2022	1	1	1	0	0*	-	5	0.00	0	0	0	0	0	0
A Kamboj (IND)
2025-2025	1	1	0	0	0	0.00	3	0.00	0	0	0	1	0	0
D Madushanka (SL)
2023-2023	1	2	1	0	0*	0.00	8	0.00	0	0	0	1	0	0
K Matigimu (ZIM)
2025-2025	1	2	0	0	0	0.00	10	0.00	0	0	0	2	0	0
Mukesh Kumar (IND)
2023-2024	3	4	3	0	0*	0.00	6	0.00	0	0	0	1	0	0
S Nadeem (IND)
2021-2021	1	2	0	0	0	0.00	25	0.00	0	0	0	2	0	0
BV Sears (NZ)
2024-2026	2	2	2	0	0*	-	4	0.00	0	0	0	0	0	0
Ziaur Rahman (AFG)
2025-2026	2	2	0	0	0	0.00	4	0.00	0	0	0	2	0	0
AC Agar (AUS)
2023-2023	1	0	0	0	-	-	0	-	0	0	0	0	0	0
DAJ Bracewell (NZ)
2023-2023	1	0	0	0	-	-	0	-	0	0	0	0	0	0
SJ Cook (ENG)
2025-2025	1	0	0	0	-	-	0	-	0	0	0	0	0	0
MJ Fisher (NZ)
2025-2025	1	0	0	0	-	-	0	-	0	0	0	0	0	0
Nangeyalia Kharote (AFG)
2026-2026	1	0	0	0	-	-	0	-	0	0	0	0	0	0
Sayed Shirzad (AFG)
2021-2021	1	0	0	0	-	-	0	-	0	0	0	0	0	0
JL Solozano (WI)
2021-2021	1	0	0	0	-	-	0	-	0	0	0	0	0	0
Tabish Khan (PAK)
2021-2021	1	0	0	0	-	-	0	-	0	0	0	0	0	0

# ============ BOWLING ============
MA Starc (AUS)
2020-2026	49	95	8440	1406.4	6	239	4980	193	7/58	10/113	25.80	3.54	43.73	34	8	5	1
NM Lyon (AUS)
2020-2025	46	80	10549	1758.1	6	346	4897	187	8/64	11/99	26.18	2.78	56.41	36	10	8	3
PJ Cummins (AUS)
2020-2025	43	79	7828	1304.4	6	263	3898	176	6/28	10/97	22.14	2.98	44.47	31	8	9	1
R Ashwin (IND)
2020-2024	36	69	7834	1305.4	6	236	3708	175	7/71	12/131	21.18	2.83	44.76	36	8	10	1
JJ Bumrah (IND)
2020-2025	40	75	7320	1220.0	6	286	3438	172	6/45	9/91	19.98	2.81	42.55	31	7	11	0
Taijul Islam (BAN)
2020-2026	32	59	9263	1543.5	6	299	4545	157	7/116	10/184	28.94	2.94	59.00	28	10	11	1
K Rabada (SA)
2020-2025	32	59	5832	972.0	6	182	3204	150	6/46	9/72	21.36	3.29	38.88	28	6	8	0
Mohammed Siraj (IND)
2020-2026	46	85	7043	1173.5	6	207	4148	139	6/15	9/190	29.84	3.53	50.66	20	8	5	0
RA Jadeja (IND)
2020-2025	41	75	7419	1236.3	6	228	3541	137	7/42	10/110	25.84	2.86	54.15	25	9	6	2
Mehidy Hasan Miraz (BAN)
2021-2026	36	65	8362	1393.4	6	255	4071	129	5/32	10/102	31.55	2.92	64.82	22	8	7	1
SCJ Broad (ENG)
2020-2023	32	61	6151	1025.1	6	237	3064	128	6/31	10/67	23.93	2.98	48.05	27	7	3	1
JM Anderson (ENG)
2020-2024	38	70	7480	1246.4	6	357	3020	127	6/40	7/54	23.77	2.42	58.89	22	5	5	0
NGRP Jayasuriya (SL)
2022-2025	22	41	7163	1193.5	6	184	3828	122	7/52	12/177	31.37	3.20	58.71	22	3	12	2
TG Southee (NZ)
2020-2024	36	71	7488	1248.0	6	289	3779	121	6/43	9/110	31.23	3.02	61.88	17	4	6	0
KA Maharaj (SA)
2020-2025	34	54	6398	1066.2	6	203	3127	116	7/32	9/97	26.95	2.93	55.15	18	2	7	0
MJ Henry (NZ)
2020-2026	23	46	4892	815.2	6	183	2493	113	7/23	9/55	22.06	3.05	43.29	20	4	6	0
MJ Leach (ENG)
2021-2024	29	50	7330	1221.4	6	247	3851	108	5/66	10/166	35.65	3.15	67.87	21	9	4	1
BA Stokes (ENG)
2020-2026	61	80	5544	924.0	6	143	3083	107	5/23	6/88	28.81	3.33	51.81	14	4	2	0
Noman Ali (PAK)
2021-2026	22	42	4906	817.4	6	128	2534	101	8/46	11/147	25.08	3.09	48.57	18	3	9	3
KAJ Roach (WI)
2020-2025	32	59	5386	897.4	6	191	2730	101	5/47	7/74	27.02	3.04	53.32	17	2	3	0
Shaheen Shah Afridi (PAK)
2020-2026	27	48	5304	884.0	6	178	2798	101	6/51	10/94	27.70	3.16	52.51	16	11	3	1
JR Hazlewood (AUS)
2020-2025	25	48	4404	734.0	6	191	2035	100	5/8	9/79	20.35	2.77	44.04	13	4	6	0
CR Woakes (ENG)
2020-2025	30	58	5691	948.3	6	216	2837	100	5/50	7/111	28.37	2.99	56.91	16	3	2	0
AS Joseph (WI)
2020-2025	31	58	5217	869.3	6	113	3329	99	5/27	7/111	33.62	3.82	52.69	17	3	2	0
JNT Seales (WI)
2021-2025	26	49	4329	721.3	6	135	2458	95	6/61	9/106	25.87	3.40	45.56	20	4	3	0
M Jansen (SA)
2021-2025	21	38	3408	568.0	6	112	1880	89	7/13	11/86	21.12	3.30	38.29	16	5	4	1
KA Jamieson (NZ)
2020-2026	20	38	3714	619.0	6	189	1682	86	6/48	11/117	19.55	2.71	43.18	14	4	6	1
OE Robinson (ENG)
2021-2026	21	39	3939	656.3	6	164	1819	83	5/39	7/77	21.91	2.77	47.45	13	4	4	0
MA Wood (ENG)
2020-2025	25	46	4202	700.2	6	102	2320	83	6/37	9/100	27.95	3.31	50.62	14	3	4	0
SM Boland (AUS)
2021-2026	19	37	3191	531.5	6	122	1524	82	6/7	10/76	18.58	2.86	38.91	16	3	2	1
AM Fernando (SL)
2021-2025	24	41	3721	620.1	6	82	2187	80	6/51	10/144	27.33	3.52	46.51	17	5	2	1
AAP Atkinson (ENG)
2024-2026	17	33	2797	466.1	6	87	1710	76	7/45	12/106	22.50	3.66	36.80	9	2	5	1
RTM Mendis (SL)
2021-2025	16	30	4173	695.3	6	84	2212	71	6/70	11/136	31.15	3.18	58.77	13	5	5	1
AY Patel (NZ)
2020-2025	15	27	3431	571.5	6	106	1915	69	10/119	14/225	27.75	3.34	49.72	10	2	5	2
Sajid Khan (PAK)
2021-2026	15	29	3680	613.2	6	80	2102	69	8/42	12/128	30.46	3.42	53.33	11	4	4	2
Shoaib Bashir (ENG)
2024-2026	20	33	4199	699.5	6	53	2652	68	6/81	9/143	39.00	3.78	61.75	12	2	4	0
B Muzarabani (ZIM)
2021-2025	17	26	3083	513.5	6	97	1708	67	7/58	9/122	25.49	3.32	46.01	13	3	3	0
A Nortje (SA)
2020-2023	16	28	2586	431.0	6	65	1588	64	6/56	8/120	24.81	3.68	40.40	11	1	4	0
TA Boult (NZ)
2020-2022	13	26	2969	494.5	6	111	1546	61	5/43	8/200	25.34	3.12	48.67	12	5	2	0
MVT Fernando (SL)
2020-2025	21	38	3333	555.3	6	83	1911	60	5/101	7/84	31.85	3.44	55.55	7	3	1	0
N Wagner (NZ)
2020-2024	18	36	3343	557.1	6	112	1839	59	4/62	6/99	31.16	3.30	56.66	9	4	0	0
BA Carse (ENG)
2024-2026	14	27	2699	449.5	6	58	1751	58	6/42	10/106	30.18	3.89	46.53	10	4	1	1
Hasan Ali (PAK)
2021-2026	18	35	3088	514.4	6	104	1576	57	5/27	10/114	27.64	3.06	54.17	8	1	5	1
AR Patel (IND)
2021-2025	15	29	2660	443.2	6	98	1121	57	6/38	11/70	19.66	2.52	46.66	8	2	5	1
JO Holder (WI)
2020-2024	29	53	4764	794.0	6	191	2128	56	6/42	7/91	38.00	2.68	85.07	5	1	2	0
JA Warrican (WI)
2021-2025	15	26	3000	500.0	6	83	1430	56	7/32	10/101	25.53	2.86	53.57	12	4	2	1
L Embuldeniya (SL)
2020-2022	12	20	3597	599.3	6	121	1868	54	7/137	10/210	34.59	3.11	66.61	9	1	4	1
Mohammed Shami (IND)
2020-2023	17	31	2913	485.3	6	99	1604	54	5/44	8/107	29.70	3.30	53.94	7	4	1	0
JC Tongue (ENG)
2023-2026	10	20	2090	348.2	6	35	1380	54	5/45	8/182	25.55	3.96	38.70	11	2	3	0
Kuldeep Yadav (IND)
2021-2026	12	23	1946	324.2	6	41	1154	52	5/40	8/113	22.19	3.55	37.42	9	2	3	0
Naseem Shah (PAK)
2020-2024	17	29	2956	492.4	6	74	1846	52	4/26	6/85	35.50	3.74	56.84	11	2	0	0
S Joseph (WI)
2024-2025	11	21	1740	290.0	6	38	1105	51	7/68	9/133	21.66	3.81	34.11	9	4	4	0
SR Harmer (SA)
2022-2025	9	16	1986	331.0	6	70	916	49	6/37	9/101	18.69	2.76	40.53	11	4	2	0
JE Root (ENG)
2020-2026	75	90	3962	660.2	6	92	2277	49	5/8	5/33	46.46	3.44	80.85	3	2	1	0
Taskin Ahmed (BAN)
2021-2026	14	26	2552	425.2	6	74	1451	48	6/64	8/140	30.22	3.41	53.16	8	3	1	0
Abrar Ahmed (PAK)
2022-2025	10	19	2631	438.3	6	59	1580	46	7/114	11/234	34.34	3.60	57.19	9	5	2	1
CBRLS Kumara (SL)
2020-2025	15	25	2385	397.3	6	66	1510	44	4/21	6/69	34.31	3.79	54.20	8	3	0	0
L Ngidi (SA)
2020-2025	15	26	1839	306.3	6	67	980	43	6/71	8/102	22.79	3.19	42.76	7	1	2	0
W O'Rourke (NZ)
2024-2026	12	22	1724	287.2	6	66	1018	43	5/34	9/93	23.67	3.54	40.09	9	2	2	0
C Green (AUS)
2020-2026	37	53	2561	426.5	6	68	1519	39	5/27	5/27	38.94	3.55	65.66	2	0	1	0
MJ Santner (NZ)
2020-2025	10	18	1805	300.5	6	60	859	39	7/53	13/157	22.02	2.85	46.28	9	2	2	1
Ebadot Hossain (BAN)
2020-2026	19	32	3053	508.5	6	96	1777	38	6/46	7/121	46.76	3.49	80.34	5	2	1	0
Mohammad Abbas (PAK)
2020-2026	12	21	2470	411.4	6	115	1051	38	6/54	7/133	27.65	2.55	65.00	6	0	2	0
Nahid Rana (BAN)
2024-2026	12	21	1833	305.3	6	25	1400	38	5/40	6/93	36.84	4.58	48.23	6	1	2	0
Nayeem Hasan (BAN)
2020-2025	10	19	2248	374.4	6	66	1134	38	6/105	9/152	29.84	3.02	59.15	6	1	3	0
PWA Mulder (SA)
2020-2025	23	38	1980	330.0	6	79	976	37	4/32	6/67	26.37	2.95	53.51	7	2	0	0
Hasan Mahmud (BAN)
2024-2025	13	24	1856	309.2	6	55	1091	36	5/43	6/157	30.30	3.52	51.55	6	1	2	0
MJ Potts (ENG)
2022-2026	11	20	2191	365.1	6	79	1201	36	4/13	7/68	33.36	3.28	60.86	5	2	0	0
Shakib Al Hasan (BAN)
2021-2024	15	26	2655	442.3	6	93	1267	36	5/96	6/129	35.19	2.86	73.75	7	3	1	0
Washington Sundar (IND)
2021-2026	18	30	2212	368.4	6	41	1199	36	7/59	11/115	33.30	3.25	61.44	5	3	1	1
RL Chase (WI)
2020-2025	25	39	3361	560.1	6	58	2046	35	5/83	5/111	58.45	3.65	96.02	2	0	2	0
G Motie (WI)
2022-2025	11	19	1740	290.0	6	45	946	35	7/37	13/99	27.02	3.26	49.71	5	1	2	1
Yasir Shah (PAK)
2020-2022	10	18	2280	380.0	6	49	1296	35	4/58	8/165	37.02	3.41	65.14	8	4	0	0
KR Mayers (WI)
2021-2023	18	28	1524	254.0	6	77	622	34	5/18	7/31	18.29	2.44	44.82	5	0	1	0
DM Bess (ENG)
2020-2021	12	19	2312	385.2	6	81	1102	33	5/30	8/130	33.39	2.85	70.06	5	2	2	0
ST Gabriel (WI)
2020-2023	14	26	2145	357.3	6	53	1273	33	5/75	9/137	38.57	3.56	65.00	5	1	1	0
GD Phillips (NZ)
2020-2026	18	22	1722	287.0	6	26	1024	33	5/45	5/45	31.03	3.56	52.18	5	1	1	0
SN Thakur (IND)
2021-2025	12	21	1601	266.5	6	36	1015	33	7/61	8/108	30.75	3.80	48.51	3	1	1	0
Khaled Ahmed (BAN)
2021-2025	15	27	2232	372.0	6	49	1296	32	5/106	5/86	40.50	3.48	69.75	5	1	1	0
AR McBrine (IRE)
2023-2026	10	15	2260	376.4	6	46	1316	31	6/109	7/75	42.45	3.49	72.90	5	1	2	0
CAK Rajitha (SL)
2020-2024	11	17	1852	308.4	6	73	942	31	5/56	8/112	30.38	3.05	59.74	4	1	2	0
JC Archer (ENG)
2020-2025	11	21	1976	329.2	6	59	984	30	5/53	6/73	32.80	2.98	65.86	5	0	1	0
RAS Lakmal (SL)
2020-2022	11	18	1866	311.0	6	100	732	30	5/47	7/80	24.40	2.35	62.20	4	2	1	0
Akash Deep (IND)
2024-2025	10	18	1536	256.0	6	40	1002	28	6/99	10/187	35.78	3.91	54.85	3	1	1	1
Khurram Shahzad (PAK)
2023-2026	7	11	1128	188.0	6	24	767	28	6/90	8/167	27.39	4.07	40.28	5	2	1	0
UT Yadav (IND)
2020-2023	12	24	1788	298.0	6	45	966	28	4/25	6/136	34.50	3.24	63.85	5	1	0	0
Shoriful Islam (BAN)
2021-2026	13	23	1884	314.0	6	68	973	27	3/28	5/56	36.03	3.09	69.77	2	0	0	0
NG Smith (NZ)
2024-2026	6	10	858	143.0	6	29	599	27	6/40	9/108	22.18	4.18	31.77	6	1	2	0
MG Bracewell (NZ)
2022-2025	10	20	1995	332.3	6	52	1198	25	4/75	5/150	47.92	3.60	79.80	4	1	0	0
DM de Silva (SL)
2020-2025	36	54	2528	421.2	6	62	1375	25	3/71	3/28	55.00	3.26	101.12	1	0	0	0
JA Duffy (NZ)
2025-2025	4	8	1030	171.4	6	46	407	25	5/34	9/128	16.28	2.37	41.20	5	1	3	0
P Jayawickrama (SL)
2021-2022	5	10	1320	220.0	6	50	642	25	6/92	11/178	25.68	2.91	52.80	5	2	2	1
MP Kuhnemann (AUS)
2023-2025	5	9	1026	171.0	6	30	555	25	5/16	9/149	22.20	3.24	41.04	5	2	2	0
R Ngarava (ZIM)
2021-2025	11	18	1644	274.0	6	40	964	25	5/37	6/120	38.56	3.51	65.76	4	2	1	0
D Paterson (SA)
2020-2024	7	13	1319	219.5	6	43	656	25	5/61	7/104	26.24	2.98	52.76	3	0	2	0
M Prasidh Krishna (IND)
2023-2026	7	12	1002	167.0	6	14	783	24	4/62	8/188	32.62	4.68	41.75	5	2	0	0
MM Ali (ENG)
2021-2023	8	14	1638	273.0	6	28	988	23	4/98	8/226	42.95	3.61	71.21	3	2	0	0
VM Nyauchi (ZIM)
2020-2025	11	18	1688	281.2	6	47	960	23	5/56	6/64	41.73	3.41	73.39	4	0	1	0
MR Adair (IRE)
2023-2026	7	12	1146	191.0	6	30	683	22	5/39	8/95	31.04	3.57	52.09	3	0	1	0
Rehan Ahmed (ENG)
2022-2024	5	9	1038	173.0	6	19	687	22	5/48	7/137	31.22	3.97	47.18	4	1	1	0
RRS Cornwall (WI)
2020-2023	8	14	2116	352.4	6	59	1022	22	5/74	9/179	46.45	2.89	96.18	4	1	1	0
TW Hartley (ENG)
2024-2024	5	9	1504	250.4	6	30	795	22	7/62	9/193	36.13	3.17	68.36	3	1	1	0
T Murphy (AUS)
2023-2025	7	12	1157	192.5	6	34	619	22	7/124	7/124	28.13	3.21	52.59	3	1	1	0
MG Neser (AUS)
2021-2026	5	10	778	129.4	6	20	416	22	5/42	6/85	18.90	3.20	35.36	4	2	1	0
Rashid Khan (AFG)
2021-2025	2	4	926	154.2	6	25	435	22	7/66	11/160	19.77	2.81	42.09	4	2	2	2
BM Tickner (NZ)
2023-2026	5	9	883	147.1	6	17	583	22	5/76	6/116	26.50	3.96	40.13	5	2	1	0
Aamer Jamal (PAK)
2023-2025	8	11	893	148.5	6	7	690	21	6/69	7/139	32.85	4.63	42.52	3	0	2	0
S Muthusamy (SA)
2023-2025	6	11	735	122.3	6	17	426	21	6/117	11/174	20.28	3.47	35.00	4	1	2	1
Salman Agha (PAK)
2022-2026	25	36	1934	322.2	6	30	1210	20	3/75	4/117	60.50	3.75	96.70	2	0	0	0
JP Greaves (WI)
2024-2025	14	21	1332	222.0	6	32	779	20	3/56	4/75	38.95	3.50	66.60	1	0	0	0
Sikandar Raza (ZIM)
2020-2025	10	13	1632	272.0	6	36	793	20	7/113	8/176	39.65	2.91	81.60	3	0	1	0
I Sharma (IND)
2020-2021	9	15	1150	191.4	6	45	534	19	5/68	5/76	28.10	2.78	60.52	3	0	1	0
TL Chivanga (ZIM)
2023-2025	8	10	888	148.0	6	14	700	17	4/83	6/159	41.17	4.72	52.23	2	1	0	0
WP Masakadza (ZIM)
2023-2025	6	9	1302	217.0	6	35	736	17	4/98	5/41	43.29	3.39	76.58	3	1	0	0
IS Sodhi (NZ)
2022-2024	4	7	857	142.5	6	18	508	17	6/86	8/173	29.88	3.55	50.41	2	0	1	0
C Bosch (SA)
2024-2025	4	8	520	86.4	6	21	302	16	5/43	5/65	18.87	3.48	32.50	3	2	1	0
TM Head (AUS)
2020-2026	49	35	905	150.5	6	10	568	16	4/10	4/10	35.50	3.76	56.56	1	1	0	0
BJ McCarthy (IRE)
2024-2025	4	7	645	107.3	6	18	320	16	4/75	6/97	20.00	2.97	40.31	3	1	0	0
SM Curran (ENG)
2020-2021	10	18	1347	224.3	6	41	713	15	2/27	3/76	47.53	3.17	89.80	0	0	0	0
ZG Foulkes (NZ)
2025-2026	5	10	918	153.0	6	35	451	15	5/37	9/75	30.06	2.94	61.20	2	1	1	0
MJ Humphreys (IRE)
2023-2025	5	7	997	166.1	6	14	557	15	6/57	7/95	37.13	3.35	66.46	2	0	2	0
N Burger (SA)
2023-2024	3	6	376	62.4	6	14	237	14	4/33	7/83	16.92	3.78	26.85	4	1	0	0
G Coetzee (SA)
2023-2024	4	8	462	77.0	6	7	330	14	3/37	6/78	23.57	4.28	33.00	2	0	0	0
Faheem Ashraf (PAK)
2020-2023	13	24	1368	228.0	6	61	704	14	2/29	3/66	50.28	3.08	97.71	0	0	0	0
RMMP Rathnayake (SL)
2024-2025	5	9	689	114.5	6	16	393	14	3/39	4/65	28.07	3.42	49.21	2	0	0	0
OP Stone (ENG)
2021-2024	4	8	538	89.4	6	14	371	14	3/35	4/68	26.50	4.13	38.42	2	0	0	0
Abu Jayed (BAN)
2020-2021	6	9	912	152.0	6	29	500	13	4/71	6/130	38.46	3.28	70.15	3	2	0	0
Mir Hamza (PAK)
2022-2025	6	11	1093	182.1	6	36	565	13	4/32	6/83	43.46	3.10	84.07	1	1	0	0
V Permaul (WI)
2021-2022	3	6	743	123.5	6	12	395	13	5/35	8/141	30.38	3.18	57.15	3	0	1	0
DT Tiripano (ZIM)
2020-2023	9	14	1447	241.1	6	59	667	13	3/23	4/47	51.30	2.76	111.30	2	0	0	0
Zahid Mahmood (PAK)
2022-2024	4	6	471	78.3	6	4	505	13	4/235	6/115	38.84	6.43	36.23	3	1	0	0
Amir Hamza (AFG)
2021-2023	3	6	799	133.1	6	17	438	12	6/75	6/86	36.50	3.28	66.58	2	0	1	0
Hasan Murad (BAN)
2025-2025	2	4	465	77.3	6	20	204	12	4/44	6/97	17.00	2.63	38.75	2	2	0	0
WG Jacks (ENG)
2022-2026	6	9	721	120.1	6	11	554	12	6/161	6/199	46.16	4.61	60.08	1	0	1	0
C Overton (ENG)
2021-2022	4	7	765	127.3	6	28	357	12	3/14	6/61	29.75	2.80	63.75	2	0	0	0
KN Peiris (SL)
2024-2025	3	5	789	131.3	6	12	520	12	6/170	9/203	43.33	3.95	65.75	3	0	1	0
KC Brathwaite (WI)
2020-2025	41	39	910	151.4	6	9	533	11	3/25	3/32	48.45	3.51	82.72	1	0	0	0
Mohammad Nawaz (3) (PAK)
2022-2022	3	6	576	96.0	6	11	349	11	5/88	6/106	31.72	3.63	52.36	1	0	1	0
Naveed Zadran (AFG)
2024-2024	3	6	494	82.2	6	11	330	11	4/83	5/90	30.00	4.00	44.90	2	1	0	0
D Olivier (SA)
2022-2024	6	9	852	142.0	6	21	508	11	3/64	4/115	46.18	3.57	77.45	2	0	0	0
DL Piedt (SA)
2024-2024	3	5	603	100.3	6	11	346	11	5/89	8/182	31.45	3.44	54.81	2	0	1	0
R Ravindra (NZ)
2021-2026	22	19	1026	171.0	6	34	515	11	3/33	4/83	46.81	3.01	93.27	2	0	0	0
L Sipamla (SA)
2020-2022	3	6	419	69.5	6	14	245	11	4/76	6/100	22.27	3.50	38.09	2	1	0	0
BJ Webster (AUS)
2025-2026	8	13	487	81.1	6	14	270	11	3/64	3/84	24.54	3.32	44.27	1	0	0	0
Zia-ur-Rehman (AFG)
2024-2025	4	8	792	132.0	6	13	404	11	5/64	6/97	36.72	3.06	72.00	1	0	1	0
V Masekesa (ZIM)
2025-2025	4	5	572	95.2	6	3	462	10	5/115	5/115	46.20	4.84	57.20	1	0	1	0
A Phillip (WI)
2022-2025	6	11	822	137.0	6	11	659	10	3/70	4/87	65.90	4.81	82.20	1	0	0	0
MJ Swepson (AUS)
2022-2022	4	7	892	148.4	6	14	458	10	3/55	5/89	45.80	3.08	89.20	2	0	0	0
Codi Yusuf (SA)
2025-2025	2	4	282	47.0	6	9	122	10	3/22	6/64	12.20	2.59	28.20	2	0	0	0
Zahir Khan (AFG)
2021-2024	4	7	678	113.0	6	0	541	10	2/43	4/170	54.10	4.78	67.80	0	0	0	0
MR Marsh (AUS)
2023-2024	14	20	630	105.0	6	9	438	9	2/12	3/77	48.66	4.17	70.00	0	0	0	0
Nijat Masood (AFG)
2023-2024	3	6	419	69.5	6	9	308	9	5/79	5/162	34.22	4.41	46.55	1	0	1	0
KTH Ratnayake (SL)
2025-2025	2	4	604	100.4	6	5	389	9	3/102	6/298	43.22	3.86	67.11	2	0	0	0
K Sinclair (WI)
2024-2025	4	7	552	92.0	6	6	384	9	3/61	3/103	42.66	4.17	61.33	1	0	0	0
SC Williams (ZIM)
2020-2025	14	12	1005	167.3	6	14	537	9	2/11	2/32	59.66	3.20	111.66	0	0	0	0
N Brand (SA)
2024-2024	2	2	234	39.0	6	2	171	8	6/119	8/171	21.37	4.38	29.25	1	0	1	0
PVD Chameera (SL)
2021-2021	4	7	631	105.1	6	9	337	8	3/69	5/143	42.12	3.20	78.87	1	0	0	0
B Mavuta (ZIM)
2023-2024	3	4	666	111.0	6	8	395	8	5/140	5/170	49.37	3.55	83.25	2	0	1	0
K Nitish Kumar Reddy (IND)
2024-2025	10	15	516	86.0	6	5	366	8	2/32	3/82	45.75	4.25	64.50	0	0	0	0
MD Rae (NZ)
2025-2025	2	4	392	65.2	6	14	226	8	3/45	6/111	28.25	3.45	49.00	2	0	0	0
CA Young (IRE)
2024-2025	4	7	448	74.4	6	11	242	8	3/24	5/55	30.25	3.24	56.00	1	0	0	0
Ziaur Rahman (AFG)
2025-2026	2	2	336	56.0	6	6	188	8	7/97	7/97	23.50	3.35	42.00	1	0	1	0
C de Grandhomme (NZ)
2020-2022	8	14	839	139.5	6	40	323	7	3/78	3/121	46.14	2.30	119.85	1	0	0	0
B Doggett (AUS)
2025-2025	2	4	290	48.2	6	4	215	7	3/51	5/78	30.71	4.44	41.42	1	0	0	0
B Evans (ZIM)
2023-2025	2	4	309	51.3	6	7	165	7	5/22	5/50	23.57	3.20	44.14	1	0	1	0
W Madhevere (ZIM)
2021-2025	8	10	474	79.0	6	7	285	7	2/2	2/34	40.71	3.60	67.71	0	0	0	0
Mominul Haque (BAN)
2020-2026	39	25	378	63.0	6	4	234	7	3/4	3/9	33.42	3.71	54.00	1	0	0	0
Mukesh Kumar (IND)
2023-2024	3	6	284	47.2	6	16	179	7	2/0	4/56	25.57	3.78	40.57	0	0	0	0
JA Richardson (AUS)
2021-2025	2	4	285	47.3	6	15	150	7	5/42	5/120	21.42	3.15	40.71	1	0	1	0
BV Sears (NZ)
2024-2026	2	4	336	56.0	6	12	225	7	4/90	5/161	32.14	4.01	48.00	1	1	0	0
Asif Afridi (PAK)
2025-2025	1	2	231	38.3	6	6	94	6	6/79	6/94	15.66	2.44	38.50	1	0	1	0
BJ Bennett (ZIM)
2024-2025	11	8	528	88.0	6	4	335	6	5/95	5/95	55.83	3.80	88.00	1	0	1	0
C Campher (IRE)
2023-2026	10	10	600	100.0	6	7	465	6	2/13	2/13	77.50	4.65	100.00	0	0	0	0
BE Hendricks (SA)
2020-2020	1	2	231	38.3	6	5	175	6	5/64	6/175	29.16	4.54	38.50	1	0	1	0
SC Kuggeleijn (NZ)
2023-2024	3	6	354	59.0	6	4	294	6	2/75	4/161	49.00	4.98	59.00	0	0	0	0
S Mahmood (ENG)
2022-2022	2	4	366	61.0	6	17	137	6	2/21	4/79	22.83	2.24	61.00	0	0	0	0
Mohammad Ali (PAK)
2022-2024	4	7	624	104.0	6	11	406	6	2/64	4/188	67.66	3.90	104.00	0	0	0	0
AK Markram (SA)
2020-2025	30	19	463	77.1	6	8	228	6	2/27	2/10	38.00	2.95	77.16	0	0	0	0
Mohammad Saleem (AFG)
2024-2026	2	2	235	39.1	6	3	197	6	6/140	6/140	32.83	5.02	39.16	1	0	1	0
NT Nyamhuri (ZIM)
2024-2025	4	7	486	81.0	6	8	319	6	3/42	3/102	53.16	3.93	81.00	1	0	0	0
P Subrayen (SA)
2025-2025	2	4	328	54.4	6	5	178	6	4/42	4/78	29.66	3.25	54.66	1	1	0	0
Yamin Ahmadzai (AFG)
2021-2025	4	7	573	95.3	6	16	301	6	3/62	3/86	50.16	3.15	95.50	1	0	0	0
T Gwandu (ZIM)
2024-2025	3	4	414	69.0	6	2	354	5	2/28	3/81	70.80	5.13	82.80	0	0	0	0
GF Linde (SA)
2021-2021	2	4	287	47.5	6	15	119	5	5/64	5/68	23.80	2.48	57.40	1	0	1	0
MDK Perera (SL)
2021-2021	2	4	559	93.1	6	9	268	5	4/109	4/143	53.60	2.87	111.80	1	1	0	0
D Pretorius (SA)
2020-2020	2	4	336	56.0	6	14	203	5	2/26	3/82	40.60	3.62	67.20	0	0	0	0
O Shields (WI)
2025-2025	2	4	252	42.0	6	6	176	5	2/34	4/108	35.20	4.19	50.40	0	0	0	0
M Theekshana (SL)
2022-2022	2	4	365	60.5	6	10	188	5	2/28	3/76	37.60	3.09	73.00	0	0	0	0
JDF Vandersay (SL)
2022-2025	2	2	288	48.0	6	0	250	5	3/182	3/182	50.00	5.20	57.60	1	0	0	0
J Yadav (IND)
2021-2022	2	4	198	33.0	6	9	98	5	4/49	5/62	19.60	2.96	39.60	1	1	0	0
JG Bethell (ENG)
2024-2026	7	6	238	39.4	6	2	162	4	3/72	3/72	40.50	4.08	59.50	1	0	0	0
RP Burl (ZIM)
2021-2021	2	4	228	38.0	6	3	107	4	2/16	3/85	26.75	2.81	57.00	0	0	0	0
AM Ghazanfar (AFG)
2024-2024	1	2	218	36.2	6	3	161	4	3/127	4/161	40.25	4.43	54.50	1	0	0	0
Harshit Rana (IND)
2024-2024	2	3	270	45.0	6	6	203	4	3/48	4/117	50.75	4.51	67.50	1	0	0	0
PW Hasaranga (SL)
2020-2021	4	7	674	112.2	6	8	403	4	4/171	4/171	100.75	3.58	168.50	1	1	0	0
KAR Hodge (WI)
2024-2025	13	8	264	44.0	6	1	197	4	2/44	2/44	49.25	4.47	66.00	0	0	0	0
G Hoey (IRE)
2025-2025	1	2	306	51.0	6	3	199	4	2/84	4/199	49.75	3.90	76.50	0	0	0	0
DJ Mitchell (NZ)
2020-2026	36	25	673	112.1	6	27	341	4	1/7	1/7	85.25	3.04	168.25	0	0	0	0
S Nadeem (IND)
2021-2021	1	2	354	59.0	6	6	233	4	2/66	4/233	58.25	3.94	88.50	0	0	0	0
J Overton (ENG)
2022-2025	2	4	450	75.0	6	6	310	4	2/98	2/146	77.50	4.13	112.50	0	0	0	0
VD Philander (SA)
2020-2020	3	5	405	67.3	6	18	162	4	2/46	2/51	40.50	2.40	101.25	0	0	0	0
Saim Ayub (PAK)
2024-2025	8	4	148	24.4	6	2	138	4	2/101	2/101	34.50	5.59	37.00	0	0	0	0
NA Saini (IND)
2021-2021	2	4	251	41.5	6	5	172	4	2/54	4/119	43.00	4.11	62.75	0	0	0	0
MD Shanaka (SL)
2020-2021	3	4	323	53.5	6	7	170	4	2/42	2/50	42.50	3.15	80.75	0	0	0	0
B White (IRE)
2023-2023	3	4	459	76.3	6	1	436	4	2/71	3/114	109.00	5.69	114.75	0	0	0	0
TD Astle (NZ)
2020-2020	1	2	240	40.0	6	1	152	3	2/111	3/152	50.66	3.80	80.00	0	0	0	0
TS Chisoro (ZIM)
2021-2021	2	2	445	74.1	6	14	220	3	2/131	2/131	73.33	2.96	148.33	0	0	0	0
R de Swardt (SA)
2024-2024	2	4	270	45.0	6	10	121	3	2/61	3/109	40.33	2.68	90.00	0	0	0	0
GS Dinusha (SL)
2025-2025	1	2	75	12.3	6	4	29	3	3/22	3/29	9.66	2.32	25.00	1	0	0	0
J Hull (ENG)
2024-2024	1	2	102	17.0	6	0	91	3	3/53	3/91	30.33	5.35	34.00	1	0	0	0
DW Lawrence (ENG)
2021-2024	14	10	258	43.0	6	11	133	3	1/0	1/7	44.33	3.09	86.00	0	0	0	0
KT Maphaka (SA)
2025-2025	2	4	260	43.2	6	5	170	3	2/43	3/90	56.66	3.92	86.66	0	0	0	0
PHKD Mendis (SL)
2022-2025	14	7	126	21.0	6	0	112	3	3/32	3/32	37.33	5.33	42.00	1	0	0	0
Mustafizur Rahman (BAN)
2021-2022	2	4	300	50.0	6	13	154	3	2/46	2/117	51.33	3.08	100.00	0	0	0	0
T Natarajan (IND)
2021-2021	1	2	230	38.2	6	7	119	3	3/78	3/119	39.66	3.10	76.66	1	0	0	0
Rubel Hossain (BAN)
2020-2020	1	1	155	25.5	6	3	113	3	3/113	3/113	37.66	4.37	51.66	1	0	0	0
Sayed Shirzad (AFG)
2021-2021	1	2	252	42.0	6	10	97	3	2/48	3/97	32.33	2.30	84.00	0	0	0	0
MJ Suthar (IND)
2026-2026	1	1	95	15.5	6	7	21	3	3/21	3/21	7.00	1.32	31.66	1	0	0	0
JD Unadkat (IND)
2022-2023	3	6	318	53.0	6	13	130	3	2/50	3/67	43.33	2.45	106.00	0	0	0	0
LB Williams (SA)
2022-2022	2	2	185	30.5	6	5	105	3	3/54	3/54	35.00	3.40	61.66	1	0	0	0
Babar Azam (PAK)
2020-2026	37	8	90	15.0	6	2	42	2	1/1	1/2	21.00	2.80	45.00	0	0	0	0
J Blackwood (WI)
2020-2023	28	10	130	21.4	6	3	70	2	1/4	1/6	35.00	3.23	65.00	0	0	0	0
DAJ Bracewell (NZ)
2023-2023	1	2	180	30.0	6	10	77	2	1/19	2/77	38.50	2.56	90.00	0	0	0	0
TL Chatara (ZIM)
2024-2024	1	2	129	21.3	6	4	65	2	2/47	2/65	32.50	3.02	64.50	0	0	0	0
JL Denly (ENG)
2020-2020	4	3	150	25.0	6	5	71	2	2/42	2/42	35.50	2.84	75.00	0	0	0	0
Fareed Ahmad (AFG)
2025-2025	1	2	156	26.0	6	9	71	2	2/27	2/71	35.50	2.73	78.00	0	0	0	0
Fawad Alam (PAK)
2020-2022	16	3	96	16.0	6	1	54	2	2/46	2/46	27.00	3.37	48.00	0	0	0	0
MJ Fisher (NZ)
2025-2025	1	2	71	11.5	6	1	38	2	1/16	2/38	19.00	3.21	35.50	0	0	0	0
Haris Sohail (PAK)
2020-2021	3	3	72	12.0	6	2	30	2	2/11	2/11	15.00	2.50	36.00	0	0	0	0
CK Holder (WI)
2020-2020	1	1	156	26.0	6	1	110	2	2/110	2/110	55.00	4.23	78.00	0	0	0	0
GI Hume (IRE)
2023-2023	3	3	300	50.0	6	5	209	2	1/85	1/85	104.50	4.18	150.00	0	0	0	0
Ismat Alam (AFG)
2025-2025	2	2	108	18.0	6	2	58	2	2/51	2/51	29.00	3.22	54.00	0	0	0	0
Kashif Ali (PAK)
2025-2025	1	2	60	10.0	6	2	39	2	1/16	2/39	19.50	3.90	30.00	0	0	0	0
M Labuschagne (AUS)
2020-2026	50	32	614	102.2	6	9	398	2	1/14	1/29	199.00	3.88	307.00	0	0	0	0
DJ Malan (ENG)
2021-2022	7	3	66	11.0	6	0	61	2	2/33	2/33	30.50	5.54	33.00	0	0	0	0
K Matigimu (ZIM)
2025-2025	1	1	129	21.3	6	1	124	2	2/124	2/124	62.00	5.76	64.50	0	0	0	0
Mohammad Wasim (1) (PAK)
2022-2022	2	4	358	59.4	6	8	231	2	1/71	1/111	115.50	3.87	179.00	0	0	0	0
TL Moreki (SA)
2024-2024	2	4	398	66.2	6	11	202	2	1/32	1/76	101.00	3.04	199.00	0	0	0	0
CT Mumba (ZIM)
2020-2020	1	2	132	22.0	6	5	56	2	1/13	2/56	28.00	2.54	66.00	0	0	0	0
A Ndlovu (ZIM)
2020-2020	2	2	420	70.0	6	7	277	2	2/170	2/170	138.50	3.95	210.00	0	0	0	0
Qais Ahmad (AFG)
2024-2024	1	2	134	22.2	6	2	106	2	2/98	2/106	53.00	4.74	67.00	0	0	0	0
Shadab Khan (PAK)
2020-2020	1	2	69	11.3	6	0	47	2	2/13	2/47	23.50	4.08	34.50	0	0	0	0
SPD Smith (AUS)
2020-2026	51	8	89	14.5	6	3	48	2	1/9	1/9	24.00	3.23	44.50	0	0	0	0
DC Thomas (WI)
2022-2022	1	2	96	16.0	6	1	66	2	2/53	2/66	33.00	4.12	48.00	0	0	0	0
Asad Shafiq (PAK)
2020-2020	4	2	60	10.0	6	0	36	1	1/24	1/24	36.00	3.60	60.00	0	0	0	0
A Athanaze (WI)
2023-2025	17	4	156	26.0	6	2	79	1	1/53	1/53	79.00	3.03	156.00	0	0	0	0
Azmatullah Omarzai (AFG)
2024-2026	2	3	264	44.0	6	6	141	1	1/66	1/74	141.00	3.20	264.00	0	0	0	0
NE Bonner (WI)
2021-2022	15	8	114	19.0	6	2	82	1	1/16	1/29	82.00	4.31	114.00	0	0	0	0
D Brevis (SA)
2025-2025	4	1	26	4.2	6	0	22	1	1/22	1/22	22.00	5.07	26.00	0	0	0	0
HC Brook (ENG)
2022-2026	36	6	144	24.0	6	2	105	1	1/25	1/25	105.00	4.37	144.00	0	0	0	0
J Campbell (ZIM)
2025-2025	1	1	84	14.0	6	1	47	1	1/47	1/47	47.00	3.35	84.00	0	0	0	0
SJ Cook (ENG)
2025-2025	1	2	186	31.0	6	4	119	1	1/72	1/119	119.00	3.83	186.00	0	0	0	0
LA Dawson (ENG)
2025-2025	1	2	372	62.0	6	12	140	1	1/45	1/140	140.00	2.25	372.00	0	0	0	0
GH Dockrell (IRE)
2023-2023	1	1	129	21.3	6	0	112	1	1/112	1/112	112.00	5.20	129.00	0	0	0	0
MD Fisher (ENG)
2022-2022	1	2	162	27.0	6	6	71	1	1/67	1/71	71.00	2.62	162.00	0	0	0	0
F Hand (IRE)
2023-2023	1	1	114	19.0	6	2	113	1	1/113	1/113	113.00	5.94	114.00	0	0	0	0
Haris Rauf (PAK)
2022-2022	1	1	78	13.0	6	1	78	1	1/78	1/78	78.00	6.00	78.00	0	0	0	0
Hashmatullah Shahidi (AFG)
2021-2026	9	7	264	44.0	6	1	164	1	1/91	1/91	164.00	3.72	264.00	0	0	0	0
Ibrahim Zadran (AFG)
2021-2025	6	1	12	2.0	6	0	13	1	1/13	1/13	13.00	6.50	12.00	0	0	0	0
Javed Ahmadi (AFG)
2021-2021	1	2	144	24.0	6	6	60	1	1/40	1/60	60.00	2.50	144.00	0	0	0	0
LM Jongwe (ZIM)
2021-2021	1	1	102	17.0	6	1	68	1	1/68	1/68	68.00	4.00	102.00	0	0	0	0
A Kamboj (IND)
2025-2025	1	1	108	18.0	6	1	89	1	1/89	1/89	89.00	4.94	108.00	0	0	0	0
J Layne (WI)
2025-2025	2	3	234	39.0	6	1	165	1	1/47	1/127	165.00	4.23	234.00	0	0	0	0
L McCarthy (IRE)
2026-2026	1	1	144	24.0	6	2	130	1	1/130	1/130	130.00	5.41	144.00	0	0	0	0
J Neill (IRE)
2025-2025	2	3	186	31.0	6	2	155	1	1/48	1/95	155.00	5.00	186.00	0	0	0	0
MW Parkinson (ENG)
2022-2022	1	1	93	15.3	6	0	47	1	1/47	1/47	47.00	3.03	93.00	0	0	0	0
K Pierre (WI)
2025-2025	2	3	402	67.0	6	3	246	1	1/91	1/91	246.00	3.67	402.00	0	0	0	0
Rahmat Shah (AFG)
2021-2026	8	4	84	14.0	6	1	53	1	1/30	1/34	53.00	3.78	84.00	0	0	0	0
RA Reifer (WI)
2022-2023	7	5	156	26.0	6	2	82	1	1/36	1/36	82.00	3.15	156.00	0	0	0	0
Saif Hassan (BAN)
2020-2021	6	2	36	6.0	6	0	27	1	1/22	1/22	27.00	4.50	36.00	0	0	0	0
Sharafuddin Ashraf (AFG)
2025-2026	2	1	102	17.0	6	4	65	1	1/65	1/65	65.00	3.82	102.00	0	0	0	0
M Shumba (ZIM)
2021-2023	4	5	370	61.4	6	8	250	1	1/64	1/131	250.00	4.05	370.00	0	0	0	0
WER Somerville (NZ)
2020-2021	3	6	648	108.0	6	6	372	1	1/99	1/135	372.00	3.44	648.00	0	0	0	0
Soumya Sarkar (BAN)
2021-2021	1	1	66	11.0	6	1	48	1	1/48	1/48	48.00	4.36	66.00	0	0	0	0
GA Stuurman (SA)
2022-2022	2	1	174	29.0	6	5	124	1	1/124	1/124	124.00	4.27	174.00	0	0	0	0
Tabish Khan (PAK)
2021-2021	1	2	156	26.0	6	11	68	1	1/22	1/68	68.00	2.61	156.00	0	0	0	0
Tanzim Hasan Sakib (BAN)
2025-2025	1	1	60	10.0	6	0	49	1	1/49	1/49	49.00	4.90	60.00	0	0	0	0
LRPL Taylor (NZ)
2020-2022	14	1	3	0.3	6	0	0	1	1/0	1/0	0.00	0.00	3.00	0	0	0	0
HT Tector (IRE)
2023-2026	10	9	204	34.0	6	1	171	1	1/33	1/33	171.00	5.02	204.00	0	0	0	0
CK Tshuma (ZIM)
2020-2020	1	1	150	25.0	6	2	85	1	1/85	1/85	85.00	3.40	150.00	0	0	0	0
TF van Woerkom (IRE)
2024-2024	1	2	108	18.0	6	4	55	1	1/43	1/55	55.00	3.05	108.00	0	0	0	0
KS Williamson (NZ)
2020-2026	32	4	48	8.0	6	1	29	1	1/16	1/16	29.00	3.62	48.00	0	0	0	0
R Wilson (IRE)
2026-2026	1	1	150	25.0	6	2	89	1	1/89	1/89	89.00	3.56	150.00	0	0	0	0
Abdul Malik (1) (AFG)
2021-2026	6	4	96	16.0	6	1	88	0	-	-	-	5.50	0.00	0	0	0	0
Abdul Wasi (AFG)
2021-2021	1	1	53	8.5	6	0	23	0	-	-	-	2.60	0.00	0	0	0	0
AC Agar (AUS)
2023-2023	1	2	132	22.0	6	5	58	0	-	-	-	2.63	0.00	0	0	0	0
KIC Asalanka (SL)
2021-2022	3	2	25	4.1	6	0	16	0	-	-	-	3.84	0.00	0	0	0	0
Asghar Afghan (AFG)
2021-2021	2	1	6	1.0	6	0	1	0	-	-	-	1.00	0.00	0	0	0	0
Azhar Ali (PAK)
2020-2022	20	2	13	2.1	6	0	10	0	-	-	-	4.61	0.00	0	0	0	0
CPL Connolly (AUS)
2025-2025	1	2	30	5.0	6	1	21	0	-	-	-	4.20	0.00	0	0	0	0
D Elgar (SA)
2020-2024	26	3	19	3.1	6	0	20	0	-	-	-	6.31	0.00	0	0	0	0
D Foxcroft (NZ)
2026-2026	1	1	6	1.0	6	1	0	0	-	-	-	0.00	0.00	0	0	0	0
C Gunasekara (SL)
2024-2024	1	1	54	9.0	6	1	50	0	-	-	-	5.55	0.00	0	0	0	0
Iftikhar Ahmed (PAK)
2022-2022	1	1	18	3.0	6	0	20	0	-	-	-	6.66	0.00	0	0	0	0
Imam-ul-Haq (PAK)
2022-2026	16	1	12	2.0	6	0	9	0	-	-	-	4.50	0.00	0	0	0	0
SS Iyer (IND)
2021-2024	14	1	6	1.0	6	0	2	0	-	-	-	2.00	0.00	0	0	0	0
YBK Jaiswal (IND)
2023-2026	29	3	18	3.0	6	0	18	0	-	-	-	6.00	0.00	0	0	0	0
KM Jarvis (ZIM)
2020-2020	1	1	222	37.0	6	12	84	0	-	-	-	2.27	0.00	0	0	0	0
R Kaia (ZIM)
2021-2021	3	3	180	30.0	6	2	165	0	-	-	-	5.50	0.00	0	0	0	0
Kamran Ghulam (PAK)
2024-2025	6	2	18	3.0	6	0	16	0	-	-	-	5.33	0.00	0	0	0	0
Karim Janat (AFG)
2023-2024	2	3	150	25.0	6	3	105	0	-	-	-	4.20	0.00	0	0	0	0
FDM Karunaratne (SL)
2020-2025	36	4	75	12.3	6	1	53	0	-	-	-	4.24	0.00	0	0	0	0
Khalil Gurbaz (AFG)
2025-2025	1	1	54	9.0	6	0	54	0	-	-	-	6.00	0.00	0	0	0	0
UT Khawaja (AUS)
2022-2026	44	1	6	1.0	6	0	3	0	-	-	-	3.00	0.00	0	0	0	0
V Kohli (IND)
2020-2025	39	1	6	1.0	6	0	4	0	-	-	-	4.00	0.00	0	0	0	0
Litton Das (BAN)
2020-2026	36	1	12	2.0	6	0	13	0	-	-	-	6.50	0.00	0	0	0	0
D Madushanka (SL)
2023-2023	1	1	102	17.0	6	3	77	0	-	-	-	4.52	0.00	0	0	0	0
Mahmudullah (BAN)
2020-2021	2	2	36	6.0	6	0	15	0	-	-	-	2.50	0.00	0	0	0	0
Mahmudul Hasan Joy (BAN)
2021-2026	22	2	13	2.1	6	0	14	0	-	-	-	6.46	0.00	0	0	0	0
PJ Malan (SA)
2020-2020	3	1	12	2.0	6	0	5	0	-	-	-	2.50	0.00	0	0	0	0
AD Mathews (SL)
2020-2025	35	5	102	17.0	6	3	53	0	-	-	-	3.11	0.00	0	0	0	0
T Mayes (IRE)
2026-2026	1	1	138	23.0	6	9	52	0	-	-	-	2.26	0.00	0	0	0	0
BKG Mendis (SL)
2020-2025	31	2	48	8.0	6	0	49	0	-	-	-	6.12	0.00	0	0	0	0
MJ Mindley (WI)
2022-2022	1	1	12	2.0	6	0	11	0	-	-	-	5.50	0.00	0	0	0	0
Mosaddek Hossain (BAN)
2022-2022	1	1	72	12.0	6	1	38	0	-	-	-	3.16	0.00	0	0	0	0
CT Mutombodzi (ZIM)
2020-2020	1	2	114	19.0	6	3	67	0	-	-	-	3.52	0.00	0	0	0	0
D Myers (ZIM)
2021-2025	5	2	33	5.3	6	1	27	0	-	-	-	4.90	0.00	0	0	0	0
Nangeyalia Kharote (AFG)
2026-2026	1	1	138	23.0	6	0	115	0	-	-	-	5.00	0.00	0	0	0	0
Nasir Jamal (AFG)
2021-2024	4	1	12	2.0	6	0	4	0	-	-	-	2.00	0.00	0	0	0	0
Najmul Hossain Shanto (BAN)
2020-2026	39	10	114	19.0	6	1	73	0	-	-	-	3.84	0.00	0	0	0	0
JL Pattinson (AUS)
2020-2020	1	2	132	22.0	6	6	66	0	-	-	-	3.00	0.00	0	0	0	0
CA Pujara (IND)
2020-2023	28	1	6	1.0	6	0	1	0	-	-	-	1.00	0.00	0	0	0	0
MT Renshaw (AUS)
2023-2023	3	1	6	1.0	6	0	7	0	-	-	-	7.00	0.00	0	0	0	0
Saud Shakeel (PAK)
2022-2026	23	5	49	8.1	6	0	67	0	-	-	-	8.20	0.00	0	0	0	0
Shahidullah (AFG)
2021-2025	3	1	30	5.0	6	1	6	0	-	-	-	1.20	0.00	0	0	0	0
Shan Masood (PAK)
2020-2026	27	5	66	11.0	6	2	48	0	-	-	-	4.36	0.00	0	0	0	0
RG Sharma (IND)
2021-2024	35	2	13	2.1	6	0	8	0	-	-	-	3.69	0.00	0	0	0	0
Shubman Gill (IND)
2020-2026	41	1	7	1.1	6	0	1	0	-	-	-	0.85	0.00	0	0	0	0
DP Sibley (ENG)
2020-2021	19	1	6	1.0	6	0	7	0	-	-	-	7.00	0.00	0	0	0	0
S von Berg (SA)
2024-2024	1	2	174	29.0	6	3	100	0	-	-	-	3.44	0.00	0	0	0	0
DN Wellalage (SL)
2022-2022	1	2	78	13.0	6	1	35	0	-	-	-	2.69	0.00	0	0	0	0
Yasir Ali (BAN)
2021-2022	6	2	42	7.0	6	0	35	0	-	-	-	5.00	0.00	0	0	0	0
Zafar Gohar (PAK)
2021-2021	1	1	192	32.0	6	0	159	0	-	-	-	4.96	0.00	0	0	0	0
Abdullah Fazal (PAK)
2026-2026	2	0	0	0.0	6	0	0	0	-	-	-	0.00	0.00	0	0	0	0
Abdullah Shafique (PAK)
2021-2025	24	0	0	0.0	6	0	0	0	-	-	-	0.00	0.00	0	0	0	0
Abid Ali (PAK)
2020-2021	14	0	0	0.0	6	0	0	0	-	-	-	0.00	0.00	0	0	0	0
Afsar Zazai (AFG)
2021-2026	7	0	0	0.0	6	0	0	0	-	-	-	0.00	0.00	0	0	0	0
MA Agarwal (IND)
2020-2022	12	0	0	0.0	6	0	0	0	-	-	-	0.00	0.00	0	0	0	0
Anamul Haque (BAN)
2022-2025	4	0	0	0.0	6	0	0	0	-	-	-	0.00	0.00	0	0	0	0
KA Anderson (WI)
2025-2025	1	0	0	0.0	6	0	0	0	-	-	-	0.00	0.00	0	0	0	0
Azan Awais (PAK)
2026-2026	2	0	0	0.0	6	0	0	0	-	-	-	0.00	0.00	0	0	0	0
Bahir Shah (AFG)
2023-2025	2	0	0	0.0	6	0	0	0	-	-	-	0.00	0.00	0	0	0	0
JM Bairstow (ENG)
2021-2024	30	0	0	0.0	6	0	0	0	-	-	-	0.00	0.00	0	0	0	0
A Balbirnie (IRE)
2023-2026	10	0	0	0.0	6	0	0	0	-	-	-	0.00	0.00	0	0	0	0
GS Ballance (ZIM)
2023-2023	1	0	0	0.0	6	0	0	0	-	-	-	0.00	0.00	0	0	0	0
T Bavuma (SA)
2020-2025	27	0	0	0.0	6	0	0	0	-	-	-	0.00	0.00	0	0	0	0
DG Bedingham (SA)
2023-2025	15	0	0	0.0	6	0	0	0	-	-	-	0.00	0.00	0	0	0	0
M Bhanuka (SL)
2021-2021	1	0	0	0.0	6	0	0	0	-	-	-	0.00	0.00	0	0	0	0
KS Bharat (IND)
2023-2024	7	0	0	0.0	6	0	0	0	-	-	-	0.00	0.00	0	0	0	0
SW Billings (ENG)
2022-2022	3	0	0	0.0	6	0	0	0	-	-	-	0.00	0.00	0	0	0	0
